Experiment ID                :  SAT3_GA
Problem Type                 :  SAT
Data Input File Name         :  uf75-01.cnf
Number of Runs               :  10
Generations per Run          :  200
Population Size              :  1000
Selection Method             :  2
Fitness Scaling Type         :  4
Min or Max Fitness           :  min
Crossover Type               :  1
Crossover Rate               :  1.0
Mutation Type                :  1
Mutation Rate                :  0.01
Random Number Seed           :  75982
Number of Genes/Points       :  75
Size of Genes                :  1


1     38          1          1          1          1          0          1          0          1          0          0          0          0          0          1          1          0          1          0          0          0          0          0          0          0          0          1          1          0          1          1          1          1          0          1          0          1          0          1          0          1          1          0          1          0          0          0          1          0          1          0          0          0          0          0          0          0          1          0          0          0          1          1          1          1          0          0          0          1          0          1          0          1          1          1          0   RawFitness
                    6

2     35          0          1          1          1          0          1          0          0          0          1          0          0          0          0          1          0          1          0          0          0          0          0          0          0          0          1          1          0          1          1          1          0          0          1          0          1          0          1          1          1          0          1          1          0          0          0          1          0          1          0          0          0          0          0          0          1          1          0          1          1          1          1          0          1          0          0          0          1          0          1          0          1          1          1          0   RawFitness
                    3

3     35          1          1          1          1          0          1          0          0          1          1          0          0          0          0          1          0          1          0          0          0          0          0          0          1          0          1          1          0          1          1          1          0          0          1          0          1          0          1          1          1          0          1          1          0          0          0          1          0          1          0          0          0          0          0          0          1          1          0          1          0          1          1          1          1          0          0          0          1          0          1          0          1          1          1          0   RawFitness
                    3

4    179          1          1          1          1          1          0          0          1          1          0          0          0          0          0          1          0          1          1          1          0          0          0          0          1          0          1          1          0          1          0          1          0          0          0          0          1          0          1          0          0          0          0          1          0          0          1          1          0          0          0          1          0          0          0          0          1          1          0          1          0          1          1          0          1          0          0          0          1          0          1          0          1          1          0          0   RawFitness
                    0

5     34          1          1          1          1          1          1          0          0          0          1          0          0          0          0          1          0          1          0          0          0          0          0          0          1          0          1          1          0          1          0          1          0          0          1          0          1          0          1          0          0          0          1          1          0          0          1          1          0          0          0          0          0          0          0          0          0          1          0          1          0          1          1          0          1          1          0          0          1          1          1          0          1          1          0          0   RawFitness
                    0

6     26          1          1          1          1          0          0          0          1          1          0          0          0          0          0          1          0          1          0          0          0          0          0          0          0          0          1          1          0          1          1          1          0          0          1          0          1          0          1          0          1          0          1          1          0          0          0          1          0          1          0          0          0          0          0          0          1          1          0          1          1          1          1          1          1          0          0          0          1          0          1          0          1          1          1          0   RawFitness
                    6

7     40          1          1          1          1          0          1          0          0          0          1          0          0          0          1          1          0          1          0          0          0          0          0          0          1          0          1          1          0          1          1          1          0          0          1          0          1          0          1          1          1          0          1          1          0          0          0          1          0          1          0          0          0          0          0          0          1          1          0          0          1          1          1          0          1          0          0          0          1          0          1          0          1          1          1          0   RawFitness
                    3

8    143          1          1          1          1          1          1          0          0          1          1          0          0          0          0          1          0          1          0          0          0          0          0          0          0          0          1          1          0          1          0          1          0          0          1          0          1          0          1          1          0          0          1          1          0          0          1          1          0          0          0          0          0          0          0          0          0          1          0          1          0          1          1          0          1          1          0          0          1          1          1          0          1          1          0          0   RawFitness
                    0

9     32          1          1          1          1          0          0          0          0          0          1          0          0          0          1          1          1          1          0          0          0          0          0          0          0          0          1          1          0          1          1          1          0          0          1          0          1          0          1          1          1          1          1          1          0          0          0          1          0          1          0          0          0          0          0          0          1          1          0          0          0          1          1          0          1          0          0          0          1          0          1          0          1          1          1          0   RawFitness
                    3

10    31          1          1          1          1          1          1          0          1          0          0          0          0          0          0          1          0          1          0          0          0          0          0          0          1          0          1          1          0          1          1          1          1          1          1          0          1          0          1          0          1          0          0          1          0          0          0          1          0          0          0          0          0          0          0          0          1          1          0          1          1          1          1          1          1          0          0          0          1          0          1          0          1          1          1          0   RawFitness
                    6

B       R: 4    G: 179  
                 1          1          1          1          1          0          0          1          1          0          0          0          0          0          1          0          1          1          1          0          0          0          0          1          0          1          1          0          1          0          1          0          0          0          0          1          0          1          0          0          0          0          1          0          0          1          1          0          0          0          1          0          0          0          0          1          1          0          1          0          1          1          0          1          0          0          0          1          0          1          0          1          1          0          0   RawFitness
                    0


