Experiment ID                :  SAT3_GA
Problem Type                 :  SAT
Data Input File Name         :  uf75-01.cnf
Number of Runs               :  50
Generations per Run          :  200
Population Size              :  500
Selection Method             :  2
Fitness Scaling Type         :  0
Min or Max Fitness           :  max
Crossover Type               :  1
Crossover Rate               :  0.9
Mutation Type                :  1
Mutation Rate                :  0.01
Random Number Seed           :  75982
Number of Genes/Points       :  75
Size of Genes                :  1


1    101          1          1          1          1          1          0          0          1          1          0          0          0          0          0          1          0          1          1          1          0          0          0          0          1          0          1          1          0          1          0          1          1          0          0          0          1          0          1          0          0          0          0          1          0          0          1          1          0          0          0          1          0          0          0          0          0          1          0          1          0          1          1          0          1          0          0          0          1          0          1          0          1          1          0          0   RawFitness
                  325

2     30          0          1          1          1          0          1          0          1          1          0          0          0          0          0          1          0          1          0          0          0          0          0          0          1          0          1          1          0          1          1          1          1          0          1          0          1          0          1          0          1          0          0          1          0          0          0          1          0          0          0          0          0          0          0          0          1          1          0          1          1          1          1          1          1          0          0          0          1          0          1          0          1          1          1          0   RawFitness
                  323

3     33          1          1          1          1          0          1          0          0          0          1          0          0          0          1          1          0          1          0          0          0          0          0          0          0          0          1          1          0          1          1          1          0          0          1          0          1          0          1          1          1          0          1          1          0          0          0          1          0          1          0          0          0          0          0          0          1          1          0          0          1          1          1          0          1          0          0          0          1          0          1          0          1          1          1          0   RawFitness
                  324

4     40          1          1          0          1          1          0          0          1          0          0          0          0          0          0          1          0          1          0          0          0          0          0          0          0          0          1          0          0          1          0          1          1          0          1          1          1          0          1          0          1          0          0          1          0          0          1          1          0          0          0          0          1          0          0          0          1          1          0          0          1          1          1          0          1          0          0          0          1          0          1          0          1          1          1          0   RawFitness
                  323

5     42          1          1          1          1          0          0          0          0          0          1          0          0          0          0          1          0          1          0          0          0          0          0          0          0          0          1          1          0          1          1          1          0          0          1          0          1          0          1          1          1          0          1          1          0          0          0          1          0          1          0          0          0          0          0          0          1          1          0          1          1          1          1          1          1          0          0          0          1          0          1          0          1          1          1          0   RawFitness
                  324

6     35          1          1          1          1          1          0          0          1          1          0          0          0          0          0          1          0          1          0          0          0          0          0          0          1          0          1          1          0          1          1          1          1          0          1          0          1          0          1          0          1          0          0          1          0          0          0          1          0          1          0          0          0          0          0          0          1          1          0          1          1          1          1          1          1          0          0          0          1          0          1          0          1          1          1          0   RawFitness
                  323

7     41          1          1          1          1          0          0          0          1          0          0          0          0          0          0          1          0          1          0          0          0          0          0          0          1          0          1          0          0          1          1          1          1          0          1          0          1          0          1          0          1          0          0          1          0          0          0          1          0          1          0          0          0          0          0          0          1          1          0          1          1          1          1          1          1          0          0          0          1          0          1          0          1          1          1          0   RawFitness
                  323

8     51          0          1          1          1          0          0          0          0          0          1          0          0          0          0          1          0          1          0          0          0          0          0          0          0          0          1          0          0          1          1          1          0          0          1          0          1          0          1          1          1          0          1          1          0          0          0          1          0          1          0          0          0          0          0          0          1          1          0          1          0          1          1          0          1          0          0          0          1          0          1          0          1          1          1          0   RawFitness
                  324

9     36          0          1          1          1          1          1          0          1          0          0          0          0          0          0          1          0          1          0          0          0          0          0          0          1          0          1          1          0          1          1          1          1          0          1          0          1          0          1          0          1          0          0          1          0          0          0          1          0          1          0          0          0          0          0          0          1          1          0          1          1          1          1          0          1          0          0          0          1          0          1          0          1          1          1          0   RawFitness
                  323

10   163          1          1          1          1          0          0          0          1          0          0          0          0          0          0          1          0          1          1          1          0          0          0          0          1          0          1          1          0          1          1          1          1          0          1          0          1          0          1          0          0          0          0          1          0          0          1          1          0          0          0          1          0          0          0          0          1          1          0          0          1          1          1          0          1          0          0          0          1          0          1          0          1          1          1          0   RawFitness
                  324

11   118          1          1          1          1          1          1          0          0          0          1          0          0          0          0          1          0          1          0          0          0          0          0          0          0          0          1          1          0          1          0          1          0          0          1          1          1          0          1          1          0          0          1          1          0          0          1          1          0          0          0          0          0          0          0          0          1          1          0          0          1          1          1          0          1          1          0          0          1          1          1          0          1          1          0          0   RawFitness
                  325

12    89          0          1          1          1          0          0          0          1          0          0          0          0          0          0          0          0          1          1          1          0          0          0          0          0          0          1          1          0          1          1          1          0          0          1          0          1          0          1          0          0          1          1          1          0          0          1          1          0          0          0          1          0          0          0          0          1          1          0          1          1          1          1          0          1          0          1          0          1          0          0          0          0          0          0          0   RawFitness
                  324

13    30          1          1          1          1          0          0          0          1          0          0          0          0          0          0          1          0          1          0          0          0          0          0          0          0          0          1          1          0          1          1          1          1          0          1          0          1          0          1          0          1          0          0          1          0          0          0          1          0          1          0          0          0          0          0          0          1          1          0          1          0          1          1          1          1          0          0          0          1          0          1          0          1          1          1          0   RawFitness
                  323

14    36          1          1          0          1          1          1          0          1          0          0          0          0          0          1          1          0          1          0          0          0          0          0          0          1          0          1          0          0          1          0          1          1          0          1          0          1          0          1          0          1          0          0          1          0          0          0          1          0          1          0          0          1          0          0          0          1          1          0          0          1          1          1          1          1          1          0          0          1          0          1          0          1          1          1          0   RawFitness
                  323

15    33          0          1          1          1          0          0          0          1          0          0          0          0          0          0          1          0          1          0          0          0          0          0          0          0          0          1          1          0          1          1          1          1          0          1          0          1          0          1          0          1          0          0          1          0          0          0          1          0          0          0          0          0          0          0          0          1          1          0          1          0          1          1          1          1          0          0          0          1          0          1          0          1          1          1          0   RawFitness
                  323

16    34          1          1          1          1          0          1          0          1          0          0          0          0          0          0          1          0          1          0          0          0          0          0          0          1          0          1          1          0          1          1          1          1          0          1          0          1          0          1          0          1          0          0          1          0          0          0          1          0          1          0          0          0          0          0          0          1          1          0          0          1          1          1          1          1          0          0          0          1          0          1          0          1          1          1          0   RawFitness
                  323

17    31          1          1          1          1          0          1          0          1          0          0          0          0          0          0          1          0          1          0          0          0          0          0          0          0          0          1          1          0          1          1          1          1          0          1          0          1          0          1          0          1          0          0          1          0          0          0          1          0          1          0          0          0          0          0          0          1          1          0          1          1          1          1          1          1          0          0          0          1          0          1          0          1          1          1          0   RawFitness
                  323

18    31          0          1          1          1          0          1          0          1          0          0          0          0          0          0          1          0          1          0          0          0          0          0          0          1          0          1          1          0          1          1          1          0          0          1          0          1          0          1          0          1          0          0          1          0          0          0          1          0          1          0          0          0          0          0          0          1          1          0          1          1          1          1          0          1          0          0          0          1          0          1          0          1          1          1          0   RawFitness
                  323

19    30          0          1          1          1          0          0          0          1          0          0          0          0          0          0          1          0          1          0          0          0          0          0          0          1          0          1          1          0          1          1          1          1          0          1          0          1          0          1          0          0          0          0          1          0          0          1          1          0          0          0          0          0          0          0          0          1          1          0          1          0          1          1          0          1          0          0          0          1          0          1          0          1          1          1          0   RawFitness
                  323

20    54          1          1          1          1          0          0          0          1          1          0          0          0          0          0          1          0          1          1          1          0          0          0          0          0          0          1          1          0          1          1          1          0          0          0          0          1          0          1          0          0          0          0          1          0          0          1          1          0          0          0          1          0          0          0          0          0          1          0          1          0          1          1          0          1          0          0          0          1          0          1          0          1          1          0          0   RawFitness
                  325

21    36          1          1          1          1          0          0          0          1          0          0          0          0          0          1          1          0          1          0          0          0          0          0          0          0          0          1          0          0          1          0          1          1          0          1          0          1          0          1          0          1          1          0          1          0          0          0          1          0          1          0          0          0          0          0          0          1          1          0          0          1          1          1          1          1          0          1          0          1          0          1          0          1          1          1          0   RawFitness
                  323

22    35          0          1          1          1          1          0          0          1          0          0          0          0          0          0          1          0          1          0          0          0          0          0          0          1          0          1          1          0          1          1          1          1          0          1          0          1          0          1          0          0          0          0          1          0          0          1          1          0          0          0          0          0          0          0          0          1          1          0          1          1          1          1          0          1          0          0          0          1          0          1          0          1          1          0          0   RawFitness
                  323

23    47          1          1          1          1          1          1          0          1          0          1          0          0          0          0          1          0          1          0          0          0          0          0          0          1          0          1          1          0          1          0          1          0          0          1          0          1          0          1          0          0          0          1          1          0          0          1          1          0          0          0          0          0          0          0          0          1          1          0          1          0          1          1          0          1          1          0          0          1          1          1          0          1          1          0          0   RawFitness
                  325

24    42          1          1          1          1          0          1          0          0          0          1          0          0          0          0          1          0          1          0          0          0          0          0          0          0          0          1          1          0          1          1          1          0          0          1          0          1          0          1          1          1          0          1          1          0          0          0          1          0          1          0          0          0          0          0          0          1          1          0          1          1          1          1          1          1          0          0          0          1          0          1          0          1          1          1          0   RawFitness
                  324

25    39          0          1          1          1          1          0          0          1          0          0          0          0          0          0          0          0          1          1          1          0          0          0          0          0          0          1          1          0          1          1          1          0          0          1          0          1          0          1          0          0          1          1          1          0          0          1          1          0          0          0          1          0          0          0          0          1          1          0          1          1          1          1          0          1          0          1          0          1          0          0          0          1          0          0          0   RawFitness
                  324

26   144          1          1          1          1          1          1          0          0          0          1          0          0          0          0          1          0          1          0          0          0          0          0          0          0          0          1          1          0          1          0          1          0          0          1          0          1          0          1          1          0          0          1          1          0          0          1          1          0          0          0          0          0          0          0          0          1          1          0          1          0          1          1          0          1          1          0          0          1          1          1          0          1          1          0          0   RawFitness
                  325

27    30          0          1          1          1          0          0          0          1          0          0          0          0          0          0          1          0          1          0          0          0          0          0          0          0          0          1          1          0          1          1          1          1          0          1          0          1          0          1          0          1          0          0          1          0          0          0          1          0          1          0          0          0          0          0          0          1          1          0          1          0          1          1          0          1          0          0          0          1          0          1          0          1          1          1          0   RawFitness
                  323

28    33          1          1          1          1          1          1          0          0          1          1          0          0          0          0          1          0          1          0          0          0          0          0          0          1          0          1          1          0          1          0          1          0          0          1          0          1          0          1          1          0          0          1          1          0          0          1          1          0          0          0          0          0          0          0          0          0          1          0          1          1          1          1          0          1          1          0          0          1          1          1          0          1          1          0          0   RawFitness
                  325

29    43          0          1          1          1          1          0          0          1          0          0          0          0          0          0          0          0          1          1          1          0          0          0          0          0          0          1          1          0          1          1          1          0          0          1          0          1          0          1          0          0          1          1          1          0          0          1          1          0          0          0          1          0          0          0          0          1          1          0          1          1          1          1          0          1          0          1          0          1          0          0          0          1          0          0          0   RawFitness
                  324

30    31          1          1          1          1          0          1          0          1          0          0          0          0          0          0          1          0          1          0          0          0          0          0          0          1          0          1          1          0          1          1          1          1          0          1          0          1          0          1          0          1          0          0          1          0          0          0          1          0          1          0          0          0          0          0          0          1          1          0          0          1          1          1          1          1          0          0          0          1          0          1          0          1          1          1          0   RawFitness
                  323

31    90          1          1          1          1          0          0          0          0          1          1          0          0          0          0          1          0          1          0          0          0          0          0          0          1          0          1          1          0          1          1          1          0          0          1          0          1          0          1          1          1          0          1          1          0          0          0          1          0          1          0          0          0          0          0          0          1          1          0          0          0          1          1          0          1          0          0          0          1          0          1          0          1          1          1          0   RawFitness
                  324

32   105          1          1          1          1          1          1          0          1          0          1          0          0          0          0          1          0          1          0          0          0          0          0          0          0          0          1          1          0          1          0          1          0          0          1          0          1          0          1          0          0          0          1          1          0          0          1          1          0          0          0          0          0          0          0          0          1          1          0          1          0          1          1          0          1          1          0          0          1          1          1          0          1          1          0          0   RawFitness
                  325

33    40          1          1          1          1          0          0          0          0          0          1          0          0          0          0          1          0          1          0          0          0          0          0          0          1          0          1          1          0          1          1          1          0          0          1          0          1          0          1          1          1          0          1          1          0          0          0          1          0          1          0          0          0          0          0          0          1          1          0          1          1          1          1          0          1          0          0          0          1          0          1          0          1          1          1          0   RawFitness
                  324

34    64          1          1          1          1          1          0          0          1          1          0          0          0          0          0          1          0          1          1          1          0          0          0          0          0          0          1          1          0          1          1          1          0          0          0          0          1          0          1          0          0          0          0          1          0          0          1          1          0          0          0          1          0          0          0          0          1          1          0          1          0          1          1          0          1          1          0          0          1          0          1          0          1          1          0          0   RawFitness
                  325

35   109          1          1          1          1          1          0          0          1          1          0          0          0          0          0          1          0          1          1          1          0          0          0          0          0          0          1          1          0          1          0          1          0          0          0          0          1          0          1          0          0          0          0          1          0          0          1          1          0          0          0          1          0          0          0          0          1          1          0          0          0          1          1          0          1          0          0          0          1          0          1          0          1          1          0          0   RawFitness
                  325

36   114          1          1          1          1          0          0          0          1          1          0          0          0          0          0          1          0          1          1          1          0          0          0          0          0          0          1          1          0          1          0          1          0          0          0          0          1          0          1          0          0          0          0          1          0          0          1          1          0          0          0          1          0          0          0          0          1          1          0          1          0          1          1          0          1          0          0          0          1          0          1          0          1          1          0          0   RawFitness
                  325

37    37          0          1          1          1          0          1          0          0          0          1          0          0          0          0          1          0          1          0          0          0          0          0          0          0          0          1          1          0          1          1          1          0          0          1          0          1          0          1          1          1          0          1          1          0          0          0          1          0          1          0          0          0          0          0          0          1          1          0          1          0          1          1          1          1          0          0          0          1          0          1          0          1          1          1          0   RawFitness
                  324

38    37          0          1          1          1          1          0          0          1          0          0          0          0          0          0          1          0          1          0          0          0          0          0          0          1          0          1          1          0          1          1          1          1          0          1          0          1          0          1          0          1          0          0          1          0          0          0          1          0          1          0          0          0          0          0          0          1          1          0          1          0          1          1          0          1          0          0          0          1          0          1          0          1          1          1          0   RawFitness
                  323

39    67          1          1          1          1          0          1          0          0          1          1          0          0          0          0          1          0          1          0          0          0          0          0          0          1          0          1          1          0          1          1          1          0          0          1          0          1          0          1          1          1          0          1          1          0          0          0          1          0          1          0          0          0          0          0          0          0          1          0          1          0          1          1          1          1          0          0          0          1          0          1          0          1          1          1          0   RawFitness
                  324

40    28          0          1          1          1          1          1          0          1          0          0          0          0          0          0          1          0          1          0          0          0          0          0          0          1          0          1          1          0          1          1          1          1          0          1          0          1          0          1          0          1          0          0          1          0          0          0          1          0          0          0          0          0          0          0          0          0          1          0          1          1          1          1          0          1          0          0          0          1          0          1          0          1          1          1          0   RawFitness
                  323

41    28          0          1          1          1          0          1          0          0          1          1          0          0          0          0          1          0          1          0          0          0          0          0          0          0          0          1          1          0          1          1          1          0          0          1          0          1          0          1          1          1          0          1          1          0          0          0          1          0          1          0          0          0          0          0          0          1          1          0          1          1          1          1          1          1          0          0          0          1          0          1          0          1          1          1          0   RawFitness
                  324

42    47          1          1          1          1          0          0          0          1          0          0          0          0          0          1          1          0          1          0          0          0          0          0          0          1          0          1          1          0          1          1          1          1          0          1          0          1          0          1          0          1          0          0          1          0          0          0          1          0          1          0          0          0          0          0          0          1          1          0          0          1          1          1          1          1          0          0          0          1          0          1          0          1          1          1          0   RawFitness
                  323

43   156          1          1          1          1          1          1          0          0          0          1          0          0          0          0          1          0          1          0          0          0          0          0          0          0          0          1          1          0          1          0          1          0          0          1          0          1          0          1          1          0          0          1          1          0          0          1          1          0          0          0          0          0          0          0          0          1          1          0          1          1          1          1          0          1          1          0          0          1          1          1          0          1          1          0          0   RawFitness
                  325

44   188          1          1          1          1          1          1          0          0          0          1          0          0          0          0          1          0          1          0          0          0          0          0          0          0          0          1          1          0          1          0          1          0          0          1          0          1          0          1          1          0          0          1          1          0          0          1          1          0          0          0          0          0          0          0          0          0          1          0          1          1          1          1          0          1          1          0          0          1          1          1          0          1          1          0          0   RawFitness
                  325

45   169          1          1          1          1          0          0          0          1          1          0          0          0          0          0          1          0          1          1          1          0          0          0          0          1          0          1          1          0          1          1          1          1          0          0          0          1          0          1          0          0          0          0          1          0          0          1          1          0          0          0          1          0          0          0          0          1          1          0          1          0          1          1          0          1          0          0          0          1          0          1          0          1          1          1          0   RawFitness
                  325

46    36          0          1          1          1          0          0          0          1          0          0          0          0          0          0          1          0          1          1          1          0          0          0          0          0          0          1          1          0          1          1          1          1          0          1          0          1          0          1          0          0          0          0          1          0          0          1          1          0          0          0          1          0          0          0          0          1          1          0          1          1          1          1          0          1          0          0          0          1          0          1          0          1          1          1          0   RawFitness
                  324

47    53          1          1          1          1          0          0          0          0          0          1          0          0          0          0          1          0          1          0          0          0          0          0          0          1          0          1          1          0          1          1          1          0          0          1          0          1          0          1          1          1          0          1          1          0          0          0          1          0          1          0          0          0          0          0          0          0          1          0          1          1          1          1          0          1          0          0          0          1          0          1          0          1          1          1          0   RawFitness
                  324

48    32          0          1          1          1          0          1          0          1          0          0          0          0          0          0          1          0          1          0          0          0          0          0          0          0          0          1          1          0          1          1          1          1          0          1          0          1          0          1          0          1          0          0          1          0          0          0          1          0          1          0          0          0          0          0          0          1          1          0          1          1          1          1          1          1          0          0          0          1          0          1          0          1          1          1          0   RawFitness
                  323

49    29          0          1          1          1          1          1          0          1          0          0          0          0          0          0          1          0          1          0          0          0          0          0          0          0          0          1          1          0          1          1          1          1          0          1          0          1          0          1          0          0          0          0          1          0          0          1          1          0          0          0          0          0          0          0          0          1          1          0          1          0          1          1          0          1          0          0          0          1          0          1          0          1          1          0          0   RawFitness
                  323

50    76          0          1          0          1          0          1          0          1          0          1          0          0          0          0          0          0          1          0          0          0          0          0          0          1          0          1          1          0          1          1          1          1          1          1          0          1          0          1          0          1          0          1          1          0          0          0          1          0          1          0          0          1          0          0          0          1          1          0          1          1          0          0          1          0          0          0          0          1          0          1          0          1          1          1          1   RawFitness
                  323

B       R: 1    G: 101  
                 1          1          1          1          1          0          0          1          1          0          0          0          0          0          1          0          1          1          1          0          0          0          0          1          0          1          1          0          1          0          1          1          0          0          0          1          0          1          0          0          0          0          1          0          0          1          1          0          0          0          1          0          0          0          0          0          1          0          1          0          1          1          0          1          0          0          0          1          0          1          0          1          1          0          0   RawFitness
                  325


