Experiment ID                :  SAT3_GA
Problem Type                 :  SAT
Data Input File Name         :  uf75-01.cnf
Number of Runs               :  100
Generations per Run          :  500
Population Size              :  500
Selection Method             :  2
Fitness Scaling Type         :  4
Min or Max Fitness           :  min
Crossover Type               :  1
Crossover Rate               :  1.0
Mutation Type                :  1
Mutation Rate                :  0.01
Random Number Seed           :  75982
Number of Genes/Points       :  75
Size of Genes                :  1


1    225          0          1          1          1          0          1          0          1          0          0          0          0          0          0          1          0          1          0          0          0          0          0          0          0          0          1          1          0          1          1          1          1          0          1          0          1          0          1          0          1          0          0          1          0          0          0          1          0          1          0          0          0          0          0          0          0          1          0          1          0          1          1          0          1          0          0          0          1          0          1          0          1          1          1          0   RawFitness
                    6

2    305          1          1          1          1          0          0          0          0          1          1          0          0          0          0          1          0          1          1          0          0          0          0          0          0          0          1          1          0          1          0          1          0          0          0          1          1          0          1          1          0          0          0          1          0          0          1          1          0          0          0          1          0          0          0          0          0          1          0          1          0          1          1          0          1          0          0          0          1          0          1          0          1          1          0          0   RawFitness
                    3

3    292          1          1          1          1          0          1          0          0          0          1          0          0          0          0          1          0          1          0          0          0          0          0          0          1          0          1          1          0          1          1          1          0          0          1          1          1          0          1          1          1          0          0          1          0          0          0          1          0          1          0          0          0          0          0          0          1          1          0          1          1          1          1          1          1          0          0          0          1          0          1          0          1          1          1          0   RawFitness
                    6

4    215          0          1          1          1          0          1          0          1          0          0          0          0          0          0          1          0          1          0          0          0          0          0          0          0          0          1          1          0          1          1          1          1          1          1          0          1          0          1          0          1          0          0          1          0          0          0          1          0          1          0          0          0          0          0          0          1          1          0          1          1          1          1          1          1          0          0          0          1          0          1          0          1          1          1          0   RawFitness
                    6

5    335          1          1          1          1          0          0          0          0          0          0          0          0          0          0          1          0          1          1          1          0          0          0          0          0          0          1          1          0          1          1          1          0          0          1          0          1          0          1          0          0          0          0          1          0          0          1          1          0          0          0          1          0          0          0          0          1          1          0          1          0          1          1          0          1          0          0          0          1          0          1          0          1          1          0          0   RawFitness
                    3

6    421          1          1          1          1          1          0          0          0          0          1          0          0          0          0          1          0          1          0          0          0          0          0          0          1          0          1          1          0          1          1          1          0          0          1          0          1          0          1          1          1          0          1          1          0          0          0          1          0          1          0          0          0          0          0          0          1          1          0          1          1          1          1          0          1          0          0          0          1          0          1          0          1          1          1          0   RawFitness
                    3

7    155          0          1          1          1          1          0          0          1          1          0          1          0          0          1          1          0          1          1          0          0          0          0          0          1          0          1          1          0          1          1          1          1          0          0          0          1          0          1          0          1          0          0          1          0          0          0          1          0          1          0          0          0          0          0          0          1          1          0          1          0          1          1          1          1          1          0          0          1          0          1          0          1          1          1          0   RawFitness
                    9

8    163          1          1          1          1          1          1          0          1          1          0          0          0          0          0          1          0          1          1          0          0          0          0          0          1          0          1          1          0          1          1          1          0          0          0          0          1          0          1          0          1          0          0          1          0          0          0          1          0          1          0          0          0          0          0          0          1          1          0          1          0          1          1          1          1          0          0          0          1          0          1          0          1          1          1          0   RawFitness
                    6

9    150          0          1          1          1          0          0          0          1          0          0          0          0          0          0          1          0          1          0          0          0          0          0          0          1          0          1          1          0          1          1          1          0          0          1          0          1          0          1          0          1          0          0          1          0          0          0          1          0          1          0          0          0          0          0          0          1          1          0          1          0          1          1          1          1          0          0          0          1          0          1          0          1          1          1          0   RawFitness
                    6

10   223          0          1          1          1          1          0          0          1          0          0          0          0          0          0          1          0          1          1          0          0          0          0          0          0          0          1          1          0          1          0          1          0          0          1          0          1          0          1          0          0          0          0          1          0          0          1          1          0          0          0          0          0          0          0          0          1          1          0          1          1          1          1          0          1          1          0          0          1          0          0          0          1          1          0          0   RawFitness
                    6

11   218          1          1          1          1          0          1          0          1          0          1          0          0          0          0          1          0          1          0          0          0          0          0          0          0          0          1          1          0          1          1          1          0          0          1          0          1          0          1          1          1          0          1          1          0          0          0          1          0          1          0          0          0          0          0          0          1          1          0          1          0          1          1          0          0          0          0          0          0          0          1          0          1          1          1          0   RawFitness
                    6

12   280          1          1          1          1          1          1          0          1          0          1          0          0          0          0          1          0          1          0          0          0          0          0          0          1          0          1          1          0          1          1          1          0          0          1          0          1          0          1          0          1          0          1          1          0          0          0          1          0          1          0          0          0          0          0          0          1          1          0          1          0          1          1          0          1          0          0          0          1          0          1          0          1          1          1          0   RawFitness
                    6

13   216          0          1          1          1          0          1          0          1          0          1          0          0          0          0          1          0          1          0          0          0          0          0          0          1          0          1          1          0          1          1          1          0          0          1          0          1          0          1          1          1          0          1          1          0          0          0          1          0          1          0          0          0          0          0          0          0          1          0          1          1          1          1          1          1          0          0          0          1          0          1          0          1          1          1          0   RawFitness
                    6

14   201          1          1          1          1          0          0          0          1          0          0          0          0          0          0          1          0          1          0          0          0          0          0          0          0          0          1          1          0          1          1          1          1          0          1          0          1          0          1          0          1          0          0          1          0          0          0          1          0          0          0          0          0          0          0          0          1          1          0          1          0          1          1          0          1          0          0          0          1          0          1          0          1          1          1          0   RawFitness
                    6

15   413          1          1          1          1          0          0          0          0          0          1          0          0          0          0          1          0          1          0          0          0          0          0          0          0          0          1          1          0          1          1          1          0          0          1          1          1          0          1          1          0          0          1          1          0          0          1          1          0          1          0          0          0          0          0          0          1          1          0          0          0          1          1          0          1          0          0          0          1          0          1          0          1          1          0          0   RawFitness
                    3

16   221          1          1          1          1          0          1          0          1          0          0          0          0          0          0          1          0          1          0          0          0          0          0          0          0          0          1          1          0          1          1          1          1          0          1          0          1          0          1          0          1          0          0          1          0          0          0          1          0          1          0          0          0          0          0          0          1          1          0          1          0          1          1          1          1          0          0          0          1          0          1          0          1          1          1          0   RawFitness
                    6

17   203          1          1          1          1          0          0          0          0          0          1          0          0          0          0          1          0          1          1          0          0          0          0          0          1          0          1          1          0          1          1          1          0          0          1          1          1          0          1          1          0          0          1          1          0          0          1          1          0          1          0          0          0          0          0          0          1          1          0          1          0          1          1          0          1          0          0          0          1          0          1          0          1          1          0          0   RawFitness
                    3

18   278          1          1          1          1          1          0          0          0          0          1          0          0          0          0          1          0          1          0          0          0          0          0          0          1          0          1          0          0          1          1          1          0          0          1          1          1          0          1          1          1          0          1          1          0          0          0          1          0          1          0          0          0          0          0          0          1          1          0          1          0          1          1          0          1          0          0          0          1          0          1          0          1          1          1          0   RawFitness
                    3

19   315          1          1          1          1          1          1          0          0          1          1          0          0          0          0          1          0          1          0          0          0          0          0          0          0          0          1          1          0          1          1          1          0          0          1          1          1          0          1          1          0          0          1          1          0          0          1          1          0          0          0          0          0          0          0          0          0          1          0          1          1          1          1          0          1          0          0          0          1          0          1          0          1          1          0          0   RawFitness
                    3

20   244          0          1          1          1          0          0          0          1          0          0          0          0          0          0          1          0          1          0          0          0          0          0          0          0          0          1          1          0          1          1          1          0          0          1          0          1          0          1          0          1          0          0          1          0          0          0          1          0          1          0          0          0          0          0          0          1          1          0          1          1          1          1          1          1          0          0          0          1          0          1          0          1          1          1          0   RawFitness
                    6

21   285          1          1          1          1          0          1          0          1          0          0          0          0          0          0          1          0          1          0          0          0          0          0          0          1          0          1          1          0          1          1          1          0          0          1          0          1          0          1          0          1          0          0          1          0          0          0          1          0          1          0          0          0          0          0          0          1          1          0          0          0          1          1          0          1          0          0          0          1          0          1          0          1          1          1          0   RawFitness
                    6

22   293          0          1          1          1          0          1          0          1          0          0          0          0          0          0          1          0          1          0          0          0          0          0          0          0          0          1          0          0          1          1          1          1          0          1          0          1          0          1          0          1          0          0          1          0          0          0          1          0          1          0          0          0          0          0          0          1          1          0          1          0          1          1          0          1          0          0          0          1          0          1          0          1          1          1          0   RawFitness
                    6

23   161          1          1          1          1          1          0          0          0          1          1          0          0          0          0          1          0          1          1          0          0          0          0          0          0          0          1          1          0          1          1          1          0          0          1          0          1          0          1          1          0          0          1          1          0          0          1          1          0          0          0          0          0          0          0          0          0          1          0          0          0          1          1          0          1          0          0          0          1          0          1          0          1          1          0          0   RawFitness
                    3

24   125          0          1          1          1          0          0          0          1          1          0          0          0          0          0          1          0          1          0          0          0          0          0          0          1          0          1          1          0          1          1          1          1          0          1          0          1          0          1          0          1          0          0          1          0          0          0          1          0          1          0          0          0          0          0          0          1          1          0          1          0          1          1          1          1          0          0          0          1          0          1          0          1          1          1          0   RawFitness
                    6

25   481          1          1          1          1          1          1          0          0          0          1          0          0          0          0          1          0          1          0          0          0          0          0          0          1          0          1          1          0          1          0          1          0          0          1          1          1          0          1          1          0          0          1          1          0          0          0          1          0          1          0          0          0          0          0          0          1          1          0          0          1          1          1          1          1          1          0          0          1          1          1          0          1          1          0          0   RawFitness
                    3

26   176          1          1          0          1          0          1          0          1          0          0          0          0          0          0          1          0          1          0          0          0          0          0          0          1          0          1          0          0          1          0          1          1          0          1          0          1          0          1          0          1          0          0          1          0          0          0          1          0          1          0          0          1          0          0          0          1          1          0          1          0          1          1          0          1          0          0          0          1          0          1          0          1          1          1          0   RawFitness
                    6

27   235          1          1          1          1          0          1          0          1          0          0          0          0          0          0          1          0          1          0          0          0          0          0          0          0          0          1          0          0          1          0          1          0          0          1          0          1          0          1          0          1          0          0          1          0          0          0          1          0          1          0          0          0          0          0          0          1          1          0          1          1          1          1          0          1          0          0          0          1          0          1          0          1          1          1          0   RawFitness
                    6

28   182          1          1          1          1          1          1          0          1          0          0          0          0          0          0          1          0          1          0          0          0          0          0          0          1          0          1          1          0          1          1          1          0          1          1          0          1          0          1          0          0          0          1          1          0          0          1          1          0          0          0          0          0          0          0          0          1          1          0          1          1          1          1          0          1          0          0          0          1          0          1          0          1          1          0          0   RawFitness
                    6

29   278          1          1          1          1          0          1          0          0          0          1          0          0          0          0          1          1          1          0          0          0          0          0          0          0          0          1          1          0          1          1          1          0          0          1          0          1          0          1          1          0          0          1          1          0          0          1          1          0          0          0          0          0          0          0          0          0          1          0          0          0          1          1          0          1          0          0          0          1          0          1          0          1          1          0          0   RawFitness
                    3

30   185          1          1          1          1          1          0          0          1          1          0          0          0          0          0          1          0          1          1          0          0          0          0          0          1          0          1          1          0          1          0          1          1          0          1          0          1          0          1          0          0          0          0          1          0          0          1          1          0          0          0          0          0          0          0          0          1          1          0          1          1          1          1          0          1          1          0          0          1          0          1          0          1          1          0          0   RawFitness
                    6

31   185          1          1          1          1          0          1          0          1          0          0          0          0          0          0          1          0          1          0          0          0          0          0          0          0          0          1          1          0          1          1          1          0          0          1          0          1          0          1          0          1          0          1          1          0          0          0          1          0          1          0          0          0          0          0          0          1          1          0          1          1          1          1          1          1          0          0          0          1          0          1          0          1          1          1          0   RawFitness
                    6

32   326          1          1          1          1          0          0          0          1          1          0          1          0          0          1          1          0          1          1          0          0          0          0          0          0          0          1          1          0          1          1          1          0          0          0          0          1          0          1          0          0          0          0          1          0          0          0          1          0          1          0          0          0          0          0          0          0          1          0          1          0          1          1          1          1          0          0          0          1          0          1          0          1          1          1          0   RawFitness
                    6

33   387          1          1          1          1          0          1          0          0          0          1          0          0          0          0          1          0          1          1          0          0          0          0          0          1          0          1          1          0          1          0          1          0          0          1          0          1          0          1          1          0          0          1          1          0          0          1          1          0          0          0          0          0          0          0          0          1          1          0          1          1          1          1          0          1          0          0          0          1          0          1          0          1          1          0          0   RawFitness
                    3

34   335          1          1          1          1          0          0          0          0          0          1          0          0          0          0          1          0          1          0          0          0          0          0          0          0          0          1          1          0          1          1          1          0          0          1          0          1          0          1          1          1          0          1          1          0          0          0          1          0          1          0          0          0          0          0          0          1          1          0          0          1          1          1          0          1          0          0          0          1          0          1          0          1          1          1          0   RawFitness
                    3

35   245          1          1          1          1          1          0          0          1          0          0          0          0          0          0          1          0          1          0          0          0          0          0          0          1          0          1          1          0          1          1          1          1          0          1          0          1          0          1          0          1          0          0          1          0          0          1          1          0          0          0          0          0          0          0          0          0          1          0          1          1          1          1          0          1          0          0          0          1          0          1          0          1          1          1          0   RawFitness
                    6

36   244          1          1          1          1          0          0          0          1          1          0          0          0          0          1          1          0          1          0          0          0          0          0          0          0          0          1          1          0          1          1          1          1          0          1          1          1          0          1          0          1          0          0          1          0          0          0          1          0          0          0          0          0          0          0          0          1          1          0          0          1          1          1          1          1          0          0          0          1          0          1          0          1          1          1          0   RawFitness
                    6

37   254          1          1          1          1          0          0          0          1          0          0          0          0          0          0          1          0          1          0          0          0          0          0          0          1          0          1          1          0          1          1          1          1          0          1          0          1          0          1          0          1          0          0          1          0          0          1          1          0          0          0          0          0          0          0          0          1          1          0          0          1          1          1          0          1          0          0          0          1          0          1          0          1          1          1          0   RawFitness
                    6

38   160          1          1          1          1          1          0          0          1          1          1          0          0          0          0          1          0          1          0          0          0          0          0          0          1          0          1          1          0          1          1          1          0          0          1          0          1          0          1          1          1          0          1          1          0          0          0          1          0          1          0          0          0          0          0          0          0          1          0          0          0          1          1          1          0          0          0          0          0          0          1          0          1          1          1          0   RawFitness
                    6

39   274          1          1          1          1          0          1          0          0          1          1          0          0          0          0          1          0          1          0          0          0          0          0          0          1          0          1          0          0          1          1          1          0          0          1          1          1          0          1          1          1          0          1          1          0          0          0          1          0          1          0          0          0          0          0          0          1          1          0          0          1          1          1          0          1          0          0          0          1          0          1          0          1          1          1          0   RawFitness
                    3

40   350          0          1          1          1          0          0          0          0          1          0          0          0          0          0          1          0          1          1          1          0          0          0          0          0          0          1          1          0          1          0          1          0          0          1          0          1          0          1          0          0          0          0          1          0          0          1          1          0          1          0          1          0          0          0          0          0          1          0          1          0          1          1          0          1          0          0          0          1          0          1          0          1          1          0          0   RawFitness
                    6

41   208          1          1          1          1          0          0          0          0          0          1          0          0          0          0          1          1          1          0          0          0          0          0          0          0          0          1          1          0          1          1          1          0          0          1          0          1          0          1          1          1          0          0          1          0          0          0          1          0          1          0          0          0          0          0          0          1          1          0          1          1          1          1          0          1          0          0          0          1          0          1          0          1          1          1          0   RawFitness
                    6

42   342          1          1          1          1          1          1          0          0          1          1          0          0          0          0          1          0          1          1          0          0          0          0          0          1          0          1          1          0          1          1          1          0          0          1          0          1          0          1          1          0          0          1          1          0          0          1          1          0          0          0          0          0          0          0          0          0          1          0          0          1          1          1          0          1          0          0          0          1          0          1          0          1          1          0          0   RawFitness
                    3

43   389          1          1          1          1          1          0          0          0          1          1          0          0          0          0          1          0          1          1          0          0          0          0          0          1          0          1          1          0          1          1          1          0          0          1          0          1          0          1          1          0          0          1          1          0          0          1          1          0          0          0          0          0          0          0          0          1          1          0          1          0          1          1          0          1          0          0          0          1          0          1          0          1          1          0          0   RawFitness
                    3

44   316          1          1          1          1          1          0          0          1          0          0          0          0          0          0          1          0          1          1          1          0          0          0          0          0          0          1          1          0          1          1          1          1          0          1          0          1          0          1          0          0          0          0          1          0          0          1          1          0          0          0          0          0          0          0          0          1          1          0          1          1          1          1          0          1          0          0          0          1          0          1          0          1          1          1          0   RawFitness
                    6

45   244          1          1          1          1          1          0          0          1          0          0          0          0          0          0          1          0          1          1          1          0          0          0          0          1          0          1          1          0          1          1          1          0          0          1          0          1          0          1          0          0          0          0          1          0          0          1          1          0          0          0          1          0          0          0          0          1          1          0          1          1          1          1          0          1          0          0          0          1          0          1          0          1          1          0          0   RawFitness
                    3

46   361          1          1          1          1          1          1          0          0          0          1          0          0          0          1          1          0          1          0          0          0          0          0          0          1          0          1          0          0          1          0          1          0          1          1          0          1          0          1          1          1          0          1          1          0          0          0          1          0          1          0          0          0          0          0          0          1          1          0          0          1          1          1          1          1          0          0          0          1          0          1          0          1          1          1          0   RawFitness
                    3

47   397          1          1          1          1          0          0          0          0          1          1          0          0          0          0          1          0          1          0          0          0          0          0          0          1          0          1          0          0          1          0          1          0          0          1          0          1          0          1          1          1          0          1          1          0          0          0          1          0          1          0          0          0          0          0          0          1          1          0          0          1          1          1          0          1          0          0          0          1          0          1          0          1          1          1          0   RawFitness
                    3

48   493          1          1          1          1          1          0          0          0          1          1          0          0          0          0          1          1          1          0          0          0          0          0          0          1          0          1          1          0          1          1          1          0          0          1          0          1          0          1          1          0          0          1          1          0          0          1          1          0          0          0          0          0          0          0          0          1          1          0          0          1          1          1          0          1          0          0          0          1          0          1          0          1          1          0          0   RawFitness
                    3

49   344          1          1          1          1          1          1          0          0          0          1          0          0          0          0          1          0          1          0          0          0          0          0          0          0          0          1          1          0          1          0          1          0          0          1          1          1          0          1          1          0          0          1          1          0          0          1          1          0          0          0          0          0          0          0          0          1          1          0          0          1          1          1          0          1          0          0          0          1          0          1          0          1          1          0          0   RawFitness
                    3

50   465          1          1          1          1          0          0          0          0          1          1          0          0          0          0          1          0          1          0          0          0          0          0          0          0          0          1          1          0          1          1          1          0          0          1          0          1          0          1          1          1          0          1          1          0          0          0          1          0          1          0          0          0          0          0          0          1          1          0          1          0          1          1          1          1          0          0          0          1          0          1          0          1          1          1          0   RawFitness
                    3

51   296          1          1          1          1          1          1          0          1          0          1          0          0          0          0          1          0          1          0          0          0          0          0          0          0          0          1          1          0          1          0          1          0          0          1          0          1          0          1          0          0          0          1          1          0          0          1          1          0          0          0          0          0          0          0          0          0          1          0          0          1          1          1          0          1          0          0          0          1          1          1          0          1          1          0          0   RawFitness
                    3

52   136          1          1          1          1          0          1          0          0          0          0          0          0          0          0          1          0          1          0          0          0          0          0          0          1          0          1          0          0          1          1          1          0          0          1          0          1          0          1          1          1          0          0          1          0          0          0          1          0          1          0          0          0          0          0          0          1          1          0          1          0          1          1          0          1          0          0          0          1          0          1          0          1          1          1          0   RawFitness
                    6

53   165          1          1          1          1          1          1          0          1          0          1          0          0          0          1          1          0          1          0          0          0          0          0          0          1          0          1          0          0          1          1          1          0          0          1          0          1          0          1          1          1          0          1          1          0          0          0          1          0          1          0          0          0          0          0          0          1          1          0          0          0          1          1          1          1          0          0          0          1          0          1          0          1          1          1          0   RawFitness
                    6

54   225          1          1          1          1          1          0          0          0          1          1          0          0          0          0          1          1          1          0          0          0          0          0          0          0          0          1          1          0          1          0          1          0          0          1          0          1          0          1          1          0          0          1          1          0          0          1          1          0          0          0          0          0          0          0          0          0          1          0          0          1          1          1          0          1          0          0          0          1          0          1          0          1          1          0          0   RawFitness
                    3

55   469          1          1          1          1          0          0          0          1          1          0          0          0          0          0          1          0          1          1          0          0          0          0          0          1          0          1          1          0          1          1          1          0          0          0          0          1          0          1          0          0          0          0          1          0          0          0          1          0          1          0          0          0          0          0          0          0          1          0          1          0          1          1          1          1          0          0          0          1          0          1          0          1          1          1          0   RawFitness
                    6

56   161          1          1          1          1          1          1          0          1          0          0          0          0          0          1          1          0          1          0          0          0          0          0          0          1          0          1          0          0          1          0          1          1          0          1          0          1          0          1          0          1          0          0          1          0          0          0          1          0          0          0          0          0          0          0          0          1          1          0          0          0          1          1          0          1          0          0          0          1          0          1          0          1          1          1          0   RawFitness
                    6

57   152          0          1          1          1          0          1          0          1          0          0          0          0          0          0          1          0          1          0          0          0          0          0          0          0          0          1          1          0          1          1          1          1          0          1          0          1          0          1          0          1          0          0          1          0          0          1          1          0          0          0          0          0          0          0          0          1          1          0          1          1          1          1          0          1          0          0          0          1          0          1          0          1          1          1          0   RawFitness
                    6

58    98          1          1          1          1          1          0          0          0          1          0          0          0          0          1          1          0          1          1          1          0          0          0          0          0          0          1          1          0          1          1          1          0          0          1          0          1          0          1          0          0          0          0          1          0          0          1          1          0          0          0          1          0          0          0          0          1          1          0          0          0          1          1          0          1          0          0          0          1          0          1          0          1          1          0          0   RawFitness
                    3

59   200          1          1          1          1          0          0          0          1          1          0          0          0          0          0          1          0          1          0          0          0          0          0          0          0          0          1          1          0          1          1          1          1          0          1          1          1          0          1          0          1          0          0          1          0          0          0          1          0          1          0          0          0          0          0          0          1          1          0          1          1          1          1          0          1          0          0          0          1          0          1          0          1          1          1          0   RawFitness
                    6

60   174          0          1          1          1          0          1          0          0          0          1          1          0          0          0          1          0          1          0          0          0          0          0          0          0          0          1          1          0          1          1          1          0          0          1          0          1          0          1          1          1          0          1          1          0          0          0          1          0          1          0          0          0          0          0          0          1          1          0          1          1          1          1          0          1          0          0          0          1          0          1          0          1          1          1          0   RawFitness
                    6

61   291          1          1          1          1          0          0          0          1          0          0          0          0          0          0          1          0          1          0          0          0          0          0          0          0          0          1          0          0          1          0          1          1          0          1          0          1          0          1          0          1          0          0          1          0          0          0          1          0          1          0          0          0          0          0          0          1          1          0          1          0          1          1          1          1          1          0          0          1          0          1          0          1          1          1          0   RawFitness
                    6

62   248          1          1          1          1          0          1          0          0          0          1          0          0          0          1          1          0          1          1          0          0          0          0          0          0          0          1          1          0          1          1          1          0          0          1          0          1          0          1          1          0          0          1          1          0          0          1          1          0          0          0          0          0          0          0          0          1          1          0          0          0          1          1          0          1          0          0          0          1          0          1          0          1          1          0          0   RawFitness
                    3

63   272          1          1          1          1          0          1          0          1          1          0          0          0          0          1          1          0          1          0          0          0          0          0          0          0          0          1          0          0          1          0          1          1          0          1          0          1          0          1          0          1          0          0          1          0          0          0          1          0          1          0          0          0          0          0          0          1          1          0          0          0          1          1          1          1          0          0          0          1          0          1          0          1          1          1          0   RawFitness
                    6

64   374          1          1          1          1          1          0          0          0          0          1          0          0          0          0          1          0          1          0          0          0          0          0          0          1          0          1          1          0          1          1          1          0          0          1          0          1          0          1          1          1          0          1          1          0          0          0          1          0          1          0          0          0          0          0          0          1          1          0          1          1          1          1          1          1          0          0          0          1          0          1          0          1          1          1          0   RawFitness
                    3

65   339          1          1          1          1          0          0          0          0          0          1          0          0          0          0          1          0          1          0          0          0          0          0          0          1          0          1          1          0          1          1          1          0          0          1          0          1          0          1          1          1          0          1          1          0          0          0          1          0          1          0          0          0          0          0          0          1          1          0          1          1          1          1          0          1          0          0          0          1          0          1          0          1          1          1          0   RawFitness
                    3

66   498          1          1          1          1          1          1          0          0          0          1          0          0          0          0          1          1          1          0          0          0          0          0          0          1          0          1          1          0          1          1          1          0          0          1          0          1          0          1          1          1          0          1          1          0          0          0          1          0          1          0          0          0          0          0          0          1          1          0          1          0          1          1          1          1          0          0          0          1          0          1          0          1          1          1          0   RawFitness
                    3

67   210          0          1          1          1          1          0          0          1          0          0          0          0          0          0          1          0          1          0          0          0          0          0          0          1          0          1          0          0          1          0          1          0          0          1          0          1          0          1          0          1          0          0          1          0          0          0          1          0          1          0          0          0          0          0          0          1          1          0          1          0          1          1          0          1          0          0          0          1          0          1          0          1          1          1          0   RawFitness
                    6

68   410          1          1          1          1          0          0          0          0          1          1          0          0          0          0          1          0          1          0          0          0          0          0          0          1          0          1          1          0          1          1          1          0          0          1          1          1          0          1          1          0          0          1          1          0          0          1          1          0          1          0          0          0          0          0          0          1          1          0          1          1          1          1          0          1          0          0          0          1          0          1          0          1          1          1          0   RawFitness
                    3

69   201          1          1          1          1          0          0          0          1          0          0          0          0          0          0          1          0          1          0          0          0          0          0          0          1          0          1          1          0          1          1          1          1          0          1          1          1          0          1          0          1          0          0          1          0          0          0          1          0          0          0          0          0          0          0          0          1          1          0          1          1          1          1          0          1          0          0          0          1          0          1          0          1          1          1          0   RawFitness
                    6

70   459          1          1          1          1          1          0          0          0          0          1          0          0          0          0          1          1          1          0          0          0          0          0          0          0          0          1          1          0          1          1          1          0          0          1          1          1          0          1          1          1          0          1          1          0          0          1          1          0          1          0          0          0          0          0          0          1          1          0          1          0          1          1          1          1          0          0          0          1          0          1          0          1          1          1          0   RawFitness
                    3

71   317          1          1          1          1          0          1          0          0          0          1          0          0          0          0          1          0          1          1          0          0          0          0          0          0          0          1          1          0          1          1          1          0          0          1          1          1          0          1          1          0          0          1          1          0          0          1          1          0          0          0          0          0          0          0          0          1          1          0          0          0          1          1          0          1          0          0          0          1          0          1          0          1          1          0          0   RawFitness
                    3

72   460          1          1          1          1          1          1          0          1          0          0          0          0          0          0          1          0          1          0          0          0          0          0          0          1          0          1          1          0          1          1          1          1          0          1          0          1          0          1          0          0          0          0          1          0          0          1          1          0          0          0          0          0          0          0          0          0          1          0          1          0          1          1          0          1          0          0          0          1          0          1          0          1          1          1          0   RawFitness
                    6

73   294          1          1          1          1          0          1          0          0          1          1          0          0          0          0          1          0          1          0          0          0          0          0          0          0          0          1          1          0          1          1          1          0          0          1          1          1          0          1          1          1          0          1          1          0          0          0          1          0          1          0          0          0          0          0          0          1          1          0          0          1          1          1          1          1          0          0          0          1          0          1          0          1          1          1          0   RawFitness
                    3

74   253          0          1          1          1          1          0          0          1          0          0          0          0          0          0          1          0          1          0          0          0          0          0          0          1          0          1          0          0          1          0          1          1          0          1          0          1          0          1          0          1          0          0          1          0          0          0          1          0          0          0          0          0          0          0          0          1          1          0          1          1          1          1          0          1          0          0          0          1          0          1          0          1          1          1          0   RawFitness
                    6

75   254          1          1          1          1          1          0          0          1          0          0          0          0          0          0          1          0          1          0          0          0          0          0          0          1          0          1          0          0          1          0          1          1          0          1          0          1          0          1          0          1          0          0          1          0          0          0          1          0          1          0          0     