Experiment ID                :  SAT3_GA
Problem Type                 :  SAT
Data Input File Name         :  uf100-01.cnf
Number of Runs               :  10
Generations per Run          :  900
Population Size              :  500
Selection Method             :  2
Fitness Scaling Type         :  4
Min or Max Fitness           :  min
Crossover Type               :  1
Crossover Rate               :  1.0
Mutation Type                :  1
Mutation Rate                :  0.03
Random Number Seed           :  75982
Number of Genes/Points       :  100
Size of Genes                :  1


1    895          0          0          0          1          1          0          1          1          1          1          1          0          0          1          1          1          0          1          0          1          0          1          1          1          1          1          0          0          1          0          0          0          1          0          1          1          0          0          1          1          0          0          1          1          1          1          0          0          1          1          1          0          1          0          0          1          0          1          1          1          0          1          0          0          1          1          0          1          1          0          1          0          0          1          1          0          1          0          1          1          0          0          1          1          0          1          0          1          0          0          0          0          0          0          1          1          1          0          0          1   RawFitness
                    3

2    467          0          1          0          1          1          0          1          1          1          1          1          0          0          1          1          1          0          1          0          1          0          1          0          0          1          1          0          0          1          0          0          0          1          0          0          1          0          0          1          1          0          0          1          1          1          1          0          0          1          1          1          1          0          0          1          1          0          1          1          1          0          1          0          0          1          1          1          1          1          0          1          1          0          1          1          0          1          0          1          1          0          0          1          1          1          1          0          1          0          0          0          0          0          0          1          1          1          0          0          0   RawFitness
                    2

3      0          0          1          0          1          1          0          1          1          1          1          1          0          0          1          1          0          0          1          0          1          0          1          1          0          1          1          0          0          1          0          0          1          1          0          1          1          0          0          1          1          1          0          1          1          0          1          0          0          1          1          1          1          1          0          1          1          0          1          1          1          0          1          0          0          1          1          1          1          1          0          1          0          0          1          1          0          1          0          1          0          0          0          1          1          1          1          0          1          0          0          0          1          0          0          1          1          1          0          0          1   RawFitness
                    2

4      0          0          1          0          1          1          0          1          0          1          1          1          0          0          1          1          0          0          1          0          1          0          1          0          0          1          1          0          0          1          0          0          0          1          0          1          1          0          0          1          1          1          0          1          1          0          1          0          0          1          1          1          1          0          0          1          1          0          1          1          1          0          1          0          0          1          1          1          1          1          0          1          0          0          1          1          0          1          0          1          0          0          0          1          1          1          1          0          1          0          0          0          1          0          0          1          1          1          0          0          0   RawFitness
                    2

5      0          0          1          0          1          1          0          1          1          1          1          1          0          0          1          1          1          0          1          0          1          0          1          0          0          1          0          0          0          1          0          0          1          1          0          0          1          0          0          1          1          0          0          1          1          1          1          0          0          1          1          1          1          1          0          1          1          0          1          1          1          0          1          0          0          1          1          1          1          1          0          1          0          0          1          1          0          1          0          1          1          0          0          1          0          1          1          0          1          0          0          0          0          0          0          1          1          1          0          0          1   RawFitness
                    2

6      0          0          1          0          1          1          0          1          1          1          1          1          0          0          1          1          1          0          1          0          1          0          1          1          0          0          1          0          0          1          1          0          1          1          0          0          1          0          0          1          1          0          0          1          1          1          1          0          0          1          1          1          1          0          0          1          1          1          1          1          1          0          1          0          0          1          1          1          1          1          0          1          0          0          1          1          0          1          0          1          0          1          0          1          1          1          1          0          1          0          0          0          0          0          0          1          1          1          0          0          0   RawFitness
                    2

7      0          0          1          0          1          1          0          1          1          1          1          1          0          0          1          1          1          0          1          0          1          0          1          0          0          1          1          0          0          1          0          0          0          1          0          0          1          0          0          1          1          0          0          1          1          1          1          0          0          1          1          1          1          1          0          1          1          1          1          1          1          0          1          0          0          1          1          1          1          1          0          1          1          0          1          1          0          1          0          1          1          0          0          1          1          1          1          0          1          0          0          0          0          0          0          1          1          1          0          0          1   RawFitness
                    2

8      0          0          1          0          1          1          0          1          1          1          1          1          0          0          1          1          1          0          1          0          1          0          1          1          0          1          1          0          0          1          0          0          1          1          0          1          1          0          0          1          1          0          0          1          1          1          1          0          0          1          1          1          0          0          0          1          1          0          1          1          1          0          1          0          0          1          1          1          1          1          0          1          1          0          1          1          0          1          0          1          0          0          0          1          0          1          1          0          1          0          0          0          0          0          0          1          1          1          0          0          1   RawFitness
                    2

9      0          0          1          0          1          1          0          1          1          1          1          1          0          0          1          1          1          0          1          0          1          0          1          1          0          1          1          0          0          1          0          0          0          1          0          0          1          0          0          1          1          0          0          1          1          0          1          0          0          1          1          1          0          0          0          1          1          0          1          1          1          0          1          0          0          1          1          1          1          1          0          1          0          0          1          1          0          1          0          1          0          0          0          1          1          1          1          0          1          0          0          0          0          0          0          1          1          1          0          0          0   RawFitness
                    2

10     0          0          1          0          1          1          0          0          1          1          1          1          0          0          1          1          1          0          1          0          1          0          1          0          0          0          1          0          0          1          0          0          1          1          0          0          1          0          0          1          1          0          0          1          1          1          1          0          0          1          1          1          1          0          0          1          1          0          1          1          1          0          1          0          0          1          1          1          1          1          0          1          0          0          1          1          0          1          0          1          0          0          0          1          0          1          1          0          1          0          0          0          0          0          0          1          1          1          0          0          0   RawFitness
                    2

B       R: 2    G: 467  
                 0          1          0          1          1          0          1          1          1          1          1          0          0          1          1          1          0          1          0          1          0          1          0          0          1          1          0          0          1          0          0          0          1          0          0          1          0          0          1          1          0          0          1          1          1          1          0          0          1          1          1          1          0          0          1          1          0          1          1          1          0          1          0          0          1          1          1          1          1          0          1          1          0          1          1          0          1          0          1          1          0          0          1          1          1          1          0          1          0          0          0          0          0          0          1          1          1          0          0          0   RawFitness
                    2


