Experiment ID                :  SAT3_GA
Problem Type                 :  SAT
Data Input File Name         :  uf50-01.cnf
Number of Runs               :  50
Generations per Run          :  200
Population Size              :  500
Selection Method             :  2
Fitness Scaling Type         :  0
Min or Max Fitness           :  max
Crossover Type               :  1
Crossover Rate               :  0.9
Mutation Type                :  1
Mutation Rate                :  0.01
Random Number Seed           :  75982
Number of Genes/Points       :  50
Size of Genes                :  1


1     24          0          1          1          1          1          1          1          1          1          1          0          0          0          1          1          0          0          0          1          1          0          0          1          0          0          0          1          0          0          0          0          0          1          0          1          1          0          1          1          0          0          0          0          1          0          0          1          1          1          0   RawFitness
                  217

2     21          0          1          0          0          1          1          1          0          1          0          0          1          1          1          1          0          0          1          1          1          0          0          0          0          1          1          1          0          0          0          0          1          1          1          0          1          1          1          0          0          0          0          0          0          0          0          1          1          1          0   RawFitness
                  216

3     30          0          1          0          1          1          1          1          1          1          0          0          1          0          1          1          0          0          0          1          1          0          0          1          0          0          0          1          0          0          0          0          1          0          0          1          1          1          1          1          0          0          0          0          0          0          0          1          1          1          0   RawFitness
                  218

4     78          0          1          0          1          1          1          1          1          1          1          0          1          0          1          1          0          0          0          1          1          0          0          1          0          0          0          1          0          0          0          0          1          0          0          1          1          1          1          1          0          0          0          0          0          0          0          1          1          1          0   RawFitness
                  218

5     34          0          1          0          1          1          1          1          1          1          1          0          1          0          1          0          0          0          0          1          1          0          0          1          0          0          0          1          0          0          0          0          1          0          0          1          1          1          1          1          0          0          0          0          0          0          0          1          1          1          0   RawFitness
                  218

6     69          0          1          0          0          0          1          1          1          1          0          0          1          0          1          1          0          0          0          1          1          0          0          0          0          1          1          1          0          0          0          0          1          0          1          1          1          1          1          0          0          0          0          0          0          1          0          1          1          1          0   RawFitness
                  217

7     58          0          1          0          0          0          1          1          0          1          0          0          1          0          1          1          0          0          0          1          1          0          0          0          0          0          1          1          1          0          0          0          1          0          1          1          1          1          1          0          0          0          0          0          0          1          0          1          1          1          0   RawFitness
                  217

8     24          0          1          1          1          1          1          1          1          1          0          0          1          0          1          1          0          0          0          1          1          0          0          1          0          0          0          1          0          0          0          0          1          0          0          1          1          0          1          0          0          0          0          0          1          0          0          1          1          1          0   RawFitness
                  217

9    111          0          1          0          0          0          1          1          0          1          0          0          1          0          1          1          0          0          0          1          1          0          0          0          0          1          1          1          0          0          0          0          1          0          1          1          1          1          1          0          0          0          0          0          0          1          0          1          1          1          0   RawFitness
                  217

10    28          0          1          0          1          1          1          1          1          1          1          0          1          0          1          0          0          0          0          1          1          0          0          0          0          0          0          1          1          0          0          0          1          0          1          1          1          1          1          0          0          0          0          0          0          0          0          1          1          1          0   RawFitness
                  217

11   175          0          1          0          0          0          1          1          1          1          0          0          1          0          1          1          0          0          0          1          1          0          0          0          0          0          1          1          0          0          0          0          1          0          1          1          1          1          1          0          0          0          0          0          0          1          0          1          1          1          0   RawFitness
                  217

12    50          0          1          0          1          1          1          1          1          1          1          0          1          0          1          1          0          0          0          1          1          0          0          1          0          0          0          1          0          0          0          0          0          0          0          1          1          1          1          1          0          0          0          0          0          0          0          1          1          1          0   RawFitness
                  218

13    48          0          1          0          1          1          1          1          1          1          0          0          1          0          1          1          0          0          0          1          1          0          0          1          0          0          0          1          0          0          0          0          1          0          0          1          1          1          1          1          0          0          0          0          0          0          0          1          1          1          0   RawFitness
                  218

14    39          0          1          0          1          1          1          1          1          1          0          0          1          0          1          1          0          0          0          1          1          0          0          1          0          0          0          1          0          0          0          0          1          0          0          1          1          1          1          1          0          0          0          0          0          0          0          1          1          1          0   RawFitness
                  218

15    28          0          1          1          1          1          1          1          1          1          1          0          1          0          1          0          0          1          0          1          1          0          0          1          0          0          0          1          0          0          0          0          0          0          0          1          1          0          1          0          0          0          0          0          0          0          0          1          1          1          0   RawFitness
                  217

16    33          0          1          0          1          1          1          1          1          1          1          0          1          0          1          1          0          0          0          1          1          0          0          1          0          0          0          1          0          0          0          0          1          0          0          1          1          1          1          1          0          0          0          0          0          0          0          1          1          1          0   RawFitness
                  218

17    42          0          1          0          1          1          1          1          1          1          1          0          1          0          1          1          0          0          0          1          1          0          0          1          0          0          0          1          0          0          0          0          1          0          0          1          1          1          1          1          0          0          0          0          0          0          0          1          1          1          0   RawFitness
                  218

18    22          0          1          0          1          1          1          1          1          1          0          0          1          0          1          1          0          0          0          1          1          0          0          0          0          0          0          1          0          0          0          0          1          0          1          1          1          1          1          0          1          0          0          0          0          1          0          1          1          1          0   RawFitness
                  217

19    64          0          1          0          1          1          1          1          1          1          1          0          1          0          1          0          0          0          0          1          1          0          0          1          0          0          0          1          0          0          0          0          0          0          0          1          1          1          1          1          0          0          0          0          0          0          0          1          1          1          0   RawFitness
                  218

20   134          0          1          0          0          0          1          1          0          1          0          0          1          0          1          1          0          0          0          1          1          0          0          0          0          0          1          1          1          0          0          0          1          0          1          1          1          1          1          0          0          0          0          0          0          1          0          1          1          1          0   RawFitness
                  217

21    26          0          1          0          1          1          1          1          0          1          1          0          1          0          1          0          0          0          0          1          1          0          0          0          0          0          1          1          0          0          0          0          1          0          1          0          1          1          1          0          0          0          0          0          0          0          0          1          1          1          0   RawFitness
                  216

22    74          0          1          0          0          0          1          1          0          1          0          0          1          0          1          1          0          0          0          1          1          0          0          0          0          1          1          1          1          0          0          0          1          0          1          1          1          1          1          0          0          0          0          0          0          1          0          1          1          1          0   RawFitness
                  217

23    28          0          1          0          1          1          1          1          1          1          1          0          1          0          1          0          0          0          0          1          1          0          0          1          0          0          0          1          0          0          0          0          1          0          0          1          1          1          1          1          0          0          0          0          0          0          0          1          1          1          0   RawFitness
                  218

24    24          0          1          1          1          1          1          1          1          1          0          0          1          0          1          1          0          0          0          1          1          0          0          1          0          0          0          1          1          0          0          0          0          0          0          1          1          1          1          0          0          0          0          0          0          0          0          1          1          1          0   RawFitness
                  217

25    23          0          1          0          1          1          1          1          0          1          0          0          1          0          1          1          0          0          0          1          1          0          0          0          0          0          1          1          1          0          0          0          1          0          1          1          1          1          1          0          0          0          0          0          0          1          0          1          1          1          0   RawFitness
                  217

26    91          0          1          0          0          0          1          1          1          1          0          0          1          0          1          1          0          0          1          1          1          0          0          0          0          1          1          1          1          0          0          0          1          0          1          1          1          1          1          0          0          0          0          0          0          1          0          1          1          1          0   RawFitness
                  217

27    29          0          1          1          0          1          1          1          1          1          0          0          1          1          1          0          0          0          0          1          1          0          0          0          0          0          1          1          0          0          0          0          1          1          1          0          1          1          1          0          0          0          0          0          0          0          0          1          1          1          0   RawFitness
                  216

28    59          0          1          0          1          1          1          1          1          1          1          0          1          0          1          0          0          0          0          1          1          0          0          1          0          0          0          1          0          0          0          0          0          0          0          1          1          1          1          1          0          0          0          0          0          0          0          1          1          1          0   RawFitness
                  218

29   155          0          1          0          0          0          1          1          1          1          0          0          1          0          1          1          0          0          0          1          1          0          0          0          0          0          1          1          1          0          0          0          1          0          1          1          1          1          1          0          0          0          0          0          0          1          0          1          1          1          0   RawFitness
                  217

30   133          0          1          0          0          0          1          1          0          1          1          0          1          0          1          1          0          0          0          1          1          0          0          0          0          0          1          1          0          0          0          0          1          0          1          1          1          1          1          0          0          0          0          0          0          1          0          1          1          1          0   RawFitness
                  217

31    61          0          1          0          1          1          1          1          1          1          0          0          1          0          1          0          0          0          0          1          1          0          0          1          0          0          0          1          0          0          0          0          1          0          0          1          1          1          1          1          0          0          0          0          0          0          0          1          1          1          0   RawFitness
                  218

32    24          0          1          1          0          1          1          1          1          1          1          0          1          1          1          1          0          0          0          1          1          0          0          0          0          0          1          1          0          0          0          0          1          1          1          0          1          1          1          0          0          0          0          0          0          0          0          1          1          1          0   RawFitness
                  216

33   108          0          1          0          0          0          1          1          1          1          1          0          1          0          1          1          0          0          0          1          1          0          0          0          0          0          1          1          1          0          0          0          1          0          1          1          1          1          1          0          0          0          0          0          0          1          0          1          1          1          0   RawFitness
                  217

34    40          0          1          0          1          1          1          1          1          1          0          0          1          0          1          1          0          0          0          1          1          0          0          1          0          0          0          1          0          0          0          0          0          0          0          1          1          1          1          1          0          0          0          0          0          0          0          1          1          1          0   RawFitness
                  218

35    36          0          1          0          1          1          1          1          1          1          1          0          1          0          1          0          0          0          0          1          1          0          0          1          0          0          0          1          0          0          0          0          1          0          0          1          1          1          1          1          0          0          0          0          0          0          0          1          1          1          0   RawFitness
                  218

36    36          0          1          0          0          0          1          1          1          1          0          0          1          0          1          1          0          0          0          1          1          0          0          0          0          1          1          1          0          0          0          0          1          0          1          1          1          1          1          0          0          0          0          0          0          1          0          1          1          1          0   RawFitness
                  217

37    29          0          1          0          1          1          1          1          1          1          1          0          1          0          1          0          0          0          0          1          1          0          0          1          0          0          0          1          0          0          0          0          0          0          0          1          1          1          1          1          0          0          0          0          0          0          0          1          1          1          0   RawFitness
                  218

38    39          0          1          0          1          1          1          1          1          1          0          0          1          0          1          1          0          0          0          1          1          0          0          1          0          0          0          1          0          0          0          0          1          0          0          1          1          1          1          1          0          0          0          0          0          0          0          1          1          1          0   RawFitness
                  218

39    25          0          1          0          1          1          1          1          1          1          0          0          1          0          1          1          0          0          0          1          1          0          0          1          0          0          0          1          0          0          0          0          0          0          0          1          1          1          1          1          0          0          0          0          0          0          0          1          1          1          0   RawFitness
                  218

40    18          0          1          1          1          0          1          1          1          1          0          0          1          0          1          0          0          0          0          0          1          0          0          1          0          0          0          1          1          0          0          0          1          0          0          1          1          1          1          0          0          0          0          0          0          0          0          1          1          1          0   RawFitness
                  216

41    29          0          1          0          1          1          1          1          1          1          1          0          1          0          1          0          0          0          0          1          1          0          0          1          0          0          0          1          0          0          0          0          0          0          0          1          1          1          1          1          0          0          0          0          0          0          0          1          1          1          0   RawFitness
                  218

42    26          0          1          0          1          1          1          1          1          1          0          0          1          0          1          0          0          0          0          1          1          0          0          1          0          0          0          1          0          0          0          0          0          0          0          1          1          1          1          1          0          0          0          0          0          0          0          1          1          1          0   RawFitness
                  218

43   117          0          1          0          0          0          1          1          0          1          0          0          1          0          1          1          0          0          1          1          1          0          0          0          0          1          1          1          0          0          0          0          1          0          1          1          1          1          1          0          0          0          1          0          0          1          0          1          1          1          0   RawFitness
                  217

44    27          0          1          0          1          1          1          1          1          1          1          0          1          0          1          1          0          0          0          1          1          0          0          1          0          0          0          1          0          0          0          0          0          0          0          1          1          1          1          1          0          0          0          0          0          0          0          1          1          1          0   RawFitness
                  218

45    39          0          1          0          1          1          1          1          1          1          0          0          1          0          1          1          0          0          0          1          1          0          0          1          0          0          0          1          0          0          0          0          0          0          0          1          1          1          1          1          0          0          0          0          0          0          0          1          1          1          0   RawFitness
                  218

46    19          0          1          1          1          1          1          0          1          1          0          0          1          0          1          0          0          1          0          0          1          0          1          1          1          0          0          1          0          0          0          0          1          0          0          1          1          0          1          1          0          0          0          0          0          0          0          1          1          1          0   RawFitness
                  216

47    40          0          1          0          1          1          1          1          1          1          1          0          1          0          1          0          0          0          0          1          1          0          0          1          0          0          0          1          0          0          0          0          0          0          0          1          1          1          1          1          0          0          0          0          0          0          0          1          1          1          0   RawFitness
                  218

48    44          0          1          0          1          1          1          1          1          1          0          0          1          0          1          1          0          0          0          1          1          0          0          1          0          0          0          1          0          0          0          0          1          0          0          1          1          1          1          1          0          0          0          0          0          0          0          1          1          1          0   RawFitness
                  218

49    41          0          1          0          1          1          1          1          1          1          1          0          1          0          1          1          0          0          0          1          1          0          0          0          0          0          0          1          0          0          0          0          1          0          1          1          1          1          1          0          0          0          0          0          0          1          0          1          1          1          0   RawFitness
                  217

50    22          0          1          0          1          1          1          1          1          1          1          0          1          0          1          0          0          0          0          1          1          0          0          1          0          0          0          1          0          0          0          0          0          0          0          1          1          1          0          1          0          0          0          0          0          0          0          1          1          1          0   RawFitness
                  218

B       R: 3    G: 30   
                 0          1          0          1          1          1          1          1          1          0          0          1          0          1          1          0          0          0          1          1          0          0          1          0          0          0          1          0          0          0          0          1          0          0          1          1          1          1          1          0          0          0          0          0          0          0          1          1          1          0   RawFitness
                  218


