Experiment ID                :  SAT3_GA
Problem Type                 :  SAT
Data Input File Name         :  uf125-01.cnf
Number of Runs               :  50
Generations per Run          :  500
Population Size              :  500
Selection Method             :  2
Fitness Scaling Type         :  0
Min or Max Fitness           :  max
Crossover Type               :  1
Crossover Rate               :  0.9
Mutation Type                :  1
Mutation Rate                :  0.01
Random Number Seed           :  75982
Number of Genes/Points       :  125
Size of Genes                :  1


1    176          0          1          1          0          0          1          0          0          0          1          1          0          1          0          1          0          0          0          1          0          0          1          0          0          0          1          1          1          1          1          0          0          1          0          0          1          1          0          0          0          0          0          0          0          0          1          0          0          1          1          1          0          1          0          0          1          1          0          0          0          1          0          1          0          1          1          1          1          0          1          1          1          0          0          1          1          1          0          1          1          0          1          0          1          0          0          0          1          1          1          0          0          0          1          0          1          0          0          0          1          1          1          1          1          0          0          0          0          1          1          1          0          1          1          0          0          0          0          1          1          0          0          1          0          0   RawFitness
                  535

2    143          1          0          1          0          0          1          1          0          0          0          0          0          0          1          1          0          1          0          1          1          0          1          1          1          0          0          1          1          1          1          1          0          1          1          0          1          0          0          0          1          0          0          1          0          0          1          1          1          0          1          0          1          0          1          0          0          0          0          0          0          1          0          1          1          1          0          0          1          0          1          1          0          0          0          1          1          1          1          1          1          0          1          0          1          0          0          0          1          1          1          1          1          0          0          0          1          1          0          0          1          1          1          0          1          0          1          0          0          1          0          1          0          1          0          0          1          1          0          1          1          0          0          0          1          0   RawFitness
                  535

3    275          1          0          1          1          0          0          0          0          1          1          1          0          1          1          0          0          1          0          1          0          0          1          0          1          0          1          1          1          1          1          1          0          1          1          0          0          1          1          0          0          0          0          1          0          0          1          0          0          1          1          1          1          1          1          0          0          0          0          1          0          0          0          1          1          1          0          1          1          1          0          1          0          0          0          0          0          0          1          1          0          0          1          0          1          0          0          0          0          1          1          0          0          0          1          1          0          0          1          0          0          0          1          1          1          0          0          0          0          0          0          0          0          1          1          0          1          1          0          1          1          0          0          0          0          1   RawFitness
                  535

4    163          1          0          1          0          0          1          0          0          0          1          1          0          0          1          1          0          1          1          1          1          0          1          0          1          0          0          1          1          1          1          1          0          1          1          0          1          0          0          0          1          0          0          1          0          0          1          0          0          0          1          0          1          0          1          0          0          0          0          0          0          1          0          1          1          1          0          0          1          1          1          1          0          0          0          1          1          1          1          1          1          0          1          0          1          0          0          0          1          1          1          1          1          0          1          0          1          1          0          0          1          1          1          1          1          0          0          0          0          1          0          0          0          1          1          0          1          1          0          1          0          0          0          0          1          0   RawFitness
                  536

5    130          0          0          1          0          0          1          0          0          0          0          1          0          1          1          0          0          0          0          1          0          0          1          0          0          0          1          1          1          1          1          0          0          1          0          0          1          1          1          0          0          0          0          1          0          0          1          0          0          1          1          1          0          1          0          0          0          1          0          1          0          1          0          1          1          1          0          1          1          1          1          1          1          0          0          1          1          1          1          1          1          0          1          0          1          0          0          1          1          1          1          0          1          0          1          0          1          0          0          0          1          0          1          1          1          0          0          0          0          1          0          0          0          1          0          0          1          0          0          1          1          0          1          1          0          0   RawFitness
                  535

6    112          0          1          1          0          1          1          0          0          0          1          1          0          1          0          0          0          0          1          1          0          0          1          0          0          0          1          1          1          1          1          1          0          1          0          0          0          1          0          0          0          0          0          0          0          0          1          0          0          1          0          1          0          0          0          0          0          1          0          1          1          1          0          1          0          1          1          1          1          1          1          1          0          0          0          1          1          1          0          1          1          0          1          0          1          0          0          0          1          1          0          0          1          0          1          0          1          0          1          0          1          1          1          1          1          0          0          0          1          1          0          1          0          1          1          0          0          0          0          1          1          1          0          1          0          1   RawFitness
                  534

7    268          1          1          1          0          0          1          0          0          0          0          1          0          1          1          1          0          0          0          1          0          0          1          0          0          0          1          1          1          1          1          0          0          1          0          0          1          1          0          0          1          0          0          1          0          0          1          0          0          1          1          1          1          1          0          0          1          1          0          0          0          1          0          1          0          1          0          1          1          0          1          1          1          0          0          1          1          1          1          1          1          0          1          0          1          0          0          0          1          1          1          0          1          0          1          1          1          0          0          0          0          1          1          0          1          0          0          0          0          1          0          1          0          1          1          0          1          0          0          1          1          0          0          1          1          0   RawFitness
                  535

8    159          0          0          1          0          0          1          0          0          0          0          1          0          0          0          0          0          1          0          1          1          0          1          0          1          0          0          1          0          1          1          1          0          1          1          0          1          0          0          0          0          0          0          0          0          0          1          1          1          0          1          0          0          0          0          0          0          1          0          0          0          1          0          1          0          1          0          0          1          1          1          0          0          0          0          1          1          1          1          1          1          0          1          0          1          0          0          1          1          1          1          1          1          0          0          0          1          0          0          0          1          1          1          1          1          0          1          0          0          1          0          1          0          1          0          0          0          0          0          1          1          0          1          0          1          0   RawFitness
                  534

9     90          0          0          1          0          0          1          0          0          0          0          1          0          0          0          1          0          1          0          1          0          0          0          0          1          0          1          1          1          1          1          1          0          1          1          0          1          1          0          0          1          0          0          1          1          0          1          0          1          1          1          1          0          0          0          0          0          1          0          1          0          1          0          1          0          1          1          0          1          1          1          0          0          0          0          1          1          1          1          1          1          0          1          0          1          0          0          0          1          1          1          0          0          0          1          0          1          0          0          0          1          1          0          1          1          0          0          0          0          1          0          1          0          1          1          0          0          1          0          1          1          0          1          0          0          0   RawFitness
                  534

10   238          0          0          1          1          0          1          0          0          0          0          1          0          0          0          0          0          0          0          1          1          0          0          1          1          0          0          1          1          1          1          1          0          1          1          1          1          0          0          0          1          1          0          1          1          0          1          1          1          0          1          1          0          0          0          0          0          1          0          0          0          0          0          1          0          1          1          0          1          0          1          0          1          0          0          1          1          1          1          1          1          0          1          1          1          0          0          1          1          1          1          0          1          0          0          0          1          0          1          0          1          1          1          1          1          0          1          0          0          0          0          1          0          1          0          0          0          0          0          1          1          0          1          0          1          1   RawFitness
                  537

11   152          1          1          1          0          1          1          0          0          0          1          1          0          1          0          1          0          0          0          1          0          0          1          0          0          0          1          1          1          1          1          1          0          1          0          0          1          1          0          1          1          0          0          1          0          0          1          0          1          1          1          1          0          0          0          0          1          1          0          1          1          1          0          1          0          1          1          0          0          1          1          1          0          0          0          1          1          1          1          1          1          0          1          0          1          0          0          0          1          1          0          0          1          0          1          0          1          0          1          0          1          1          1          1          1          0          0          0          1          1          0          1          1          1          1          0          1          0          1          1          1          1          0          0          1          0   RawFitness
                  533

12   126          0          0          1          1          0          1          0          0          0          0          1          0          0          1          1          0          1          0          1          1          0          0          0          1          0          0          1          0          1          1          1          0          1          1          1          1          0          0          0          1          1          0          1          1          0          1          1          1          0          1          1          0          0          1          0          0          1          0          0          0          1          0          1          1          1          1          0          1          1          1          0          0          0          0          1          1          1          0          1          1          0          1          1          1          0          0          0          1          1          1          0          1          0          1          0          1          0          0          0          1          1          1          1          0          0          0          0          0          0          0          0          0          1          1          0          0          0          0          1          1          0          1          0          1          0   RawFitness
                  536

13   415          1          0          1          0          0          1          1          0          0          1          1          0          0          0          1          0          1          1          1          1          0          1          0          1          0          0          1          1          1          1          1          0          1          1          0          1          0          0          0          1          0          0          1          0          0          1          0          1          0          0          0          0          0          0          0          1          0          0          0          0          1          0          1          0          1          0          1          1          0          1          1          0          0          0          1          1          1          1          1          1          0          1          0          1          0          0          0          1          1          1          1          1          0          1          0          1          0          0          0          1          1          1          1          1          0          0          1          0          1          0          1          0          1          1          0          1          1          0          1          1          0          0          0          1          0   RawFitness
                  535

14   184          1          1          1          1          0          1          0          0          0          0          1          0          0          1          1          0          0          0          1          0          0          1          1          0          0          0          1          1          1          1          1          0          1          1          1          1          0          0          0          0          1          0          1          1          0          1          1          1          0          1          0          1          0          1          0          1          1          0          0          1          1          0          1          1          1          0          1          1          1          0          0          1          0          0          1          1          0          0          1          1          0          1          0          1          0          0          0          1          1          1          1          1          0          0          0          1          1          0          0          1          1          1          1          1          0          0          0          0          0          0          0          0          1          1          0          0          0          0          1          0          1          0          0          1          1   RawFitness
                  537

15   437          0          0          1          0          1          1          0          0          0          1          1          0          1          1          0          0          0          1          1          0          0          1          0          0          0          1          1          1          1          1          1          0          1          0          1          0          1          1          0          0          0          0          1          0          0          1          0          0          1          1          1          0          1          1          0          1          1          0          1          1          0          0          1          1          1          0          1          1          1          0          1          0          0          0          0          1          1          0          1          1          0          1          0          1          0          0          0          1          1          1          0          1          0          1          0          1          0          1          0          1          0          1          1          1          0          0          0          1          0          0          0          0          1          1          0          1          1          0          1          1          1          0          0          0          1   RawFitness
                  534

16   280          1          0          1          0          0          1          0          0          0          1          1          0          0          1          1          0          1          0          1          0          0          1          0          0          0          1          1          1          1          1          1          0          1          1          1          1          1          0          0          0          0          0          1          0          0          1          0          0          0          1          0          1          0          1          0          0          1          0          0          1          1          0          1          1          1          0          1          1          1          0          0          1          0          0          1          1          0          0          1          1          0          1          0          1          0          0          0          1          1          1          1          1          0          1          0          1          1          0          0          1          1          1          1          1          0          0          0          0          1          0          0          0          1          1          0          1          1          0          1          0          1          0          0          1          1   RawFitness
                  535

17   134          0          0          1          0          0          1          0          0          0          0          1          0          1          1          0          0          0          0          1          0          0          1          0          0          0          1          1          1          1          1          0          0          1          0          0          0          1          1          0          0          0          0          1          0          0          1          0          0          1          1          1          1          1          0          0          0          1          0          1          0          1          0          1          1          1          0          1          1          1          1          1          0          0          0          1          1          1          1          1          1          0          1          0          1          0          0          0          1          1          1          0          0          0          1          0          1          0          0          1          1          0          1          1          0          0          0          0          0          1          0          0          0          1          1          0          1          1          0          1          1          0          0          1          0          0   RawFitness
                  535

18   155          0          0          1          0          0          1          0          0          0          0          1          0          1          1          0          0          0          0          1          0          0          1          0          0          0          1          1          1          1          1          0          0          1          0          0          1          1          0          0          0          0          0          1          0          0          1          0          0          1          1          1          0          1          0          0          0          1          0          1          0          1          0          1          0          1          0          1          1          1          1          1          1          0          0          1          1          1          1          1          1          0          1          0          1          0          0          1          1          1          1          0          1          0          1          0          1          0          0          0          1          1          1          1          1          0          0          0          0          1          0          0          0          1          1          0          1          0          0          1          1          0          1          1          0          0   RawFitness
                  535

19    99          1          0          1          0          0          1          0          0          0          1          0          0          0          1          1          0          0          0          1          1          0          1          0          1          0          0          1          1          1          1          1          0          1          1          0          1          0          0          0          0          0          0          1          0          0          1          0          0          0          1          0          1          0          1          0          0          0          0          0          0          1          0          1          1          1          0          1          1          1          1          1          0          0          0          1          1          0          0          1          1          0          1          0          1          0          0          0          1          1          1          1          1          0          1          0          1          0          0          0          1          1          1          1          1          0          0          0          0          1          0          0          0          1          1          0          1          1          0          1          1          0          0          0          1          0   RawFitness
                  536

20   205          1          0          1          0          0          1          0          0          0          1          1          0          0          1          1          0          0          0          1          1          0          1          0          1          0          0          1          1          1          1          1          0          1          1          0          1          0          0          0          0          0          0          1          0          0          1          0          0          0          1          0          1          0          1          0          0          0          0          0          0          1          0          1          1          1          0          1          1          1          0          0          1          0          0          1          1          0          1          1          1          0          1          0          1          0          0          0          1          1          1          1          1          0          1          0          1          1          0          0          1          1          1          1          1          0          0          0          0          1          0          0          0          1          1          0          1          1          0          1          1          0          0          0          1          0   RawFitness
                  536

21   239          1          0          1          0          0          1          0          0          0          0          0          0          0          1          1          0          1          0          1          1          0          1          0          1          0          0          1          1          1          1          1          0          1          1          0          1          0          0          0          1          0          0          1          0          0          1          0          0          0          1          0          0          0          1          0          1          0          0          0          0          1          0          1          1          1          0          1          1          1          1          1          0          0          0          1          1          1          0          1          1          0          1          1          1          0          0          0          0          1          1          1          1          0          1          1          1          0          0          0          0          1          1          0          0          0          0          1          0          1          0          1          0          1          1          0          1          1          0          1          0          0          0          0          1          0   RawFitness
                  534

22   219          1          1          1          0          0          1          0          0          1          1          1          0          1          1          1          0          0          1          1          0          0          1          0          0          0          1          1          1          1          1          0          0          1          0          0          1          1          0          0          1          0          0          1          0          0          1          0          0          1          1          1          0          1          0          0          1          0          0          0          0          1          0          1          0          1          0          1          1          1          1          0          0          0          0          1          1          1          0          1          0          0          1          0          1          0          0          0          0          1          1          0          1          0          1          1          1          0          0          0          0          1          1          0          1          0          0          0          0          1          0          1          0          1          1          0          1          0          0          1          1          0          0          1          1          0   RawFitness
                  536

23   315          1          0          1          0          0          1          0          0          0          0          0          0          0          1          1          0          0          0          1          1          0          1          1          1          0          0          1          1          1          1          1          0          1          1          0          1          0          0          0          1          0          0          1          0          0          1          0          0          0          1          0          1          0          1          0          0          0          0          0          0          1          0          1          1          1          0          1          1          1          1          1          1          0          0          1          1          0          1          1          1          0          1          0          1          0          0          0          1          1          1          1          1          0          0          0          1          1          0          0          1          1          1          1          1          0          0          0          0          1          0          0          0          1          0          0          1          1          0          1          1          0          0          0          1          0   RawFitness
                  536

24   100          1          0          1          0          1          0          0          0          0          1          1          0          1          1          0          0          0          0          1          1          1          1          0          0          0          1          1          1          1          0          1          0          1          0          0          0          1          0          0          0          0          0          0          0          0          1          1          0          0          1          1          0          0          1          0          0          1          0          1          1          0          1          1          1          1          0          1          1          1          0          1          0          0          0          1          1          1          0          1          1          0          1          0          1          0          0          0          1          1          0          0          1          0          0          0          1          0          1          0          1          1          1          0          1          0          1          0          1          1          0          1          1          1          0          0          0          0          1          1          1          0          1          0          1          1   RawFitness
                  534

25   150          0          0          1          1          0          1          0          0          0          0          1          0          0          1          1          0          0          0          1          1          0          0          0          1          0          0          1          0          1          1          1          0          1          1          0          1          0          0          0          1          1          0          1          0          0          1          0          1          0          1          0          1          0          1          0          1          1          0          0          0          1          0          1          1          1          0          0          1          1          1          0          0          0          0          1          1          1          0          1          1          0          1          0          1          0          0          0          1          1          1          1          1          0          1          0          1          0          0          0          1          1          1          1          1          0          0          0          0          0          0          0          0          1          1          0          1          1          0          1          1          0          0          0          1          0   RawFitness
                  536

26   147          1          0          1          1          0          1          0          0          0          0          1          0          0          1          0          0          1          0          1          1          0          1          0          0          0          0          1          1          1          1          1          0          1          1          1          1          0          0          0          0          1          0          1          1          0          1          0          0          1          1          0          1          0          0          0          0          1          0          0          1          1          0          1          0          1          1          0          1          1          0          0          1          0          0          1          1          0          1          1          1          0          1          0          1          0          1          1          1          1          1          0          1          0          1          0          1          0          0          0          1          1          1          0          1          0          1          0          0          1          0          1          0          1          0          0          0          0          0          1          1          1          0          0          1          1   RawFitness
                  534

27   231          1          0          1          0          0          1          0          0          0          1          1          0          0          1          1          0          0          0          1          1          0          1          0          0          0          1          1          1          1          0          1          0          1          1          1          1          0          0          0          0          0          0          0          1          0          1          1          1          0          1          0          1          0          1          0          0          1          0          0          1          1          1          1          1          1          0          1          1          1          0          1          1          0          0          1          1          1          0          1          1          0          1          0          1          0          0          0          1          1          1          1          1          0          0          0          1          1          1          0          1          1          1          0          1          0          0          0          0          1          0          1          0          1          1          0          0          0          0          0          0          0          0          0          1          1   RawFitness
                  535

28   132          1          1          1          0          1          1          0          0          0          1          1          0          1          1          0          0          0          0          1          1          0          1          0          0          0          1          1          1          1          1          1          0          1          0          0          1          1          0          0          0          0          0          0          0          0          1          1          0          0          1          1          0          1          1          0          0          1          0          0          1          1          0          1          1          1          0          1          1          1          0          0          0          0          0          1          1          0          0          1          1          0          1          0          1          0          0          0          0          1          0          1          1          0          0          1          1          0          0          0          0          1          1          0          1          0          1          0          1          1          0          1          1          1          0          0          0          0          1          1          1          0          0          0          1          0   RawFitness
                  534

29   185          0          0          1          0          0          1          0          0          0          0          1          0          0          0          0          0          1          0          1          0          0          1          0          1          0          1          1          0          1          1          1          0          1          1          1          0          1          0          0          0          0          0          0          1          0          1          0          0          1          1          1          0          0          0          0          0          1          0          1          1          1          0          1          0          1          1          0          1          1          1          0          0          0          0          1          1          1          1          1          1          0          1          1          1          0          0          0          1          1          1          0          1          0          1          0          1          0          0          0          1          1          1          1          1          0          0          0          0          1          0          1          0          1          1          0          0          0          1          1          1          1          1          1          1          1   RawFitness
                  534

30    96          0          0          1          0          0          1          0          0          0          1          1          0          0          1          1          0          1          1          1          1          0          1          0          1          0          1          1          1          1          1          1          0          1          1          0          1          1          0          0          1          0          0          1          0          0          1          0          1          1          1          1          0          0          1          0          0          1          0          0          0          1          0          1          1          1          1          0          1          1          1          0          0          0          0          1          1          1          1          1          1          0          1          1          1          0          0          0          0          1          1          0          1          0          1          0          1          1          0          0          1          1          1          1          0          0          0          0          0          1          0          0          0          1          1          0          0          1          0          1          1          0          0          0          0          0   RawFitness
                  534

31   214          0          0          1          0          0          1          0          0          0          0          1          0          1          1          0          0          0          0          1          0          0          1          0          0          0          1          1          1          1          1          0          0          1          0          1          0          1          0          0          0          0          0          0          1          0          1          0          1          1          1          1          0          1          1          0          0          1          0          1          1          1          0          1          1          1          1          1          1          1          0          0          0          0          0          0          1          1          1          1          1          0          1          0          1          0          0          0          1          1          1          0          0          0          1          0          1          0          0          0          1          1          1          1          1          0          0          0          0          1          0          1          0          1          1          0          0          1          1          1          1          1          0          1          0          1   RawFitness
                  533

32   185          0          1          1          0          1          1          0          0          0          1          1          0          1          0          0          1          1          1          1          0          0          1          0          0          0          1          1          1          1          1          1          0          1          0          1          0          1          0          0          0          0          0          0          1          0          1          1          0          1          1          1          0          0          0          0          0          1          0          1          1          1          0          1          0          1          1          0          1          1          1          0          0          0          0          1          1          1          1          1          1          0          1          1          1          0          0          0          1          1          0          0          1          0          0          0          1          0          1          0          1          1          1          1          1          0          1          0          1          1          0          1          0          1          0          0          0          0          0          1          1          0          1          0          1          1   RawFitness
                  534

33    62          0          0          1          0          1          1          0          0          0          0          1          0          1          1          0          0          1          1          1          0          0          1          0          1          0          1          1          1          1          1          0          0          1          1          1          0          1          1          0          0          0          0          1          0          0          1          0          1          1          1          1          0          1          1          0          0          1          0          1          1          0          0          1          1          1          0          1          1          1          0          1          0          0          0          0          1          1          0          1          1          0          1          0          1          0          0          1          1          1          1          0          1          0          1          0          1          0          1          0          1          0          1          1          1          0          0          0          0          0          0          0          0          1          1          0          1          1          1          1          1          0          1          1          0          1   RawFitness
                  533

34   293          1          1          1          0          0          1          0          0          1          0          1          0          0          1          1          0          1          0          1          0          0          1          0          1          0          1          1          1          1          1          1          0          1          1          0          1          1          1          0          1          0          1          1          0          0          1          0          0          1          1          1          0          0          0          0          1          0          0          1          0          1          0          1          1          1          0          1          1          1          1          1          0          0          0          1          1          1          0          1          0          0          1          1          1          0          0          0          0          1          1          0          1          0          1          1          0          0          0          0          0          0          1          0          0          0          0          1          0          1          0          1          1          1          1          0          1          1          0          1          1          0          0          0          0          0   RawFitness
                  535

35   159          0          0          1          0          0          1          0          0          0          0          1          0          0          1          1          0          1          0          1          1          0          0          0          1          0          0          1          1          1          1          1          0          1          1          0          1          0          0          0          0          1          0          1          0          0          1          0          0          0          1          0          1          0          1          0          0          1          0          0          0          1          0          1          1          1          0          0          1          1          1          0          0          0          0          1          1          1          1          1          1          0          1          0          1          0          0          0          1          1          1          1          1          0          1          0          1          0          0          0          1          1          1          1          1          0          0          0          0          0          0          0          0          1          1          0          1          0          0          1          1          0          1          0          1          0   RawFitness
                  536

36   219          0          1          1          0          0          1          0          0          0          0          1          0          1          1          1          0          0          0          1          0          0          1          0          0          0          1          1          1          1          1          0          0          1          0          0          1          1          0          0          0          0          0          1          0          0          1          0          1          1          1          1          1          1          0          0          0          1          0          0          0          1          0          1          0          1          0          1          1          1          1          0          0          0          0          1          1          1          1          1          1          0          1          0          1          0          0          0          1          1          1          0          1          0          1          0          1          0          0          0          1          1          1          1          1          0          0          0          0          1          0          0          0          1          1          0          1          1          0          1          1          0          0          1          1          0   RawFitness
                  535

37   226          1          1          1          0          0          1          0          0          1          0          1          0          1          1          1          0          0          0          1          0          0          1          0          0          0          1          1          1          1          1          0          0          1          0          0          1          1          0          0          1          0          0          1          0          0          1          0          0          1          1          1          0          1          0          0          0          0          0          0          0          1          0          1          0          1          0          1          1          1          1          1          1          0          0          1          1          1          1          1          0          0          1          0          1          0          0          0          0          1          1          0          1          0          1          1          1          0          0          0          0          1          1          0          1          0          0          0          0          1          0          1          0          1          1          0          1          1          0          1          1          0          0          1          0          0   RawFitness
                  536

38   331          1          1          1          0          0          1          0          0          0          1          1          0          1          0          1          0          1          1          1          0          0          1          0          0          0          1          1          1          1          1          1          0          1          1          0          1          1          0          0          1          0          1          1          0          0          1          0          1          1          1          0          1          1          0          0          1          1          0          0          1          1          0          1          0          1          0          1          1          1          1          1          0          0          0          1          1          1          1          1          1          0          1          0          1          0          0          0          1          1          1          1          1          0          1          1          1          0          0          0          0          1          1          0          1          0          0          0          0          1          0          1          1          1          1          0          1          0          0          1          1          0          0          0          1          0   RawFitness
                  535

39   223          0          1          1          0          1          1          0          0          0          0          1          0          1          1          0          0          1          0          1          0          0          1          0          1          0          1          1          1          1          1          1          0          1          1          1          1          1          0          0          1          0          0          1          1          0          1          0          0          1          1          1          0          1          0          0          0          1          0          1          1          0          1          1          0          1          1          0          1          1          1          1          0          0          0          1          1          1          1          1          1          0          1          1          1          0          1          1          1          1          0          0          1          0          1          1          1          0          1          1          1          1          1          0          1          0          1          0          1          1          0          1          1          1          0          0          0          1          0          1          1          0          0          0          1          1   RawFitness
                  536

40   106          1          0          1          1          0          1          0          0          0          1          1          0          0          0          1          0          0          0          1          1          0          1          0          0          0          1          1          1          1          1          1          0          1          1          1          0          1          0          0          0          0          0          0          1          0          1          1          0          0          1          0          1          0          0          0          1          1          0          0          1          1          0          1          0          1          0          1          1          1          0          0          0          0          0          1          1          0          1          1          1          0          1          0          1          0          0          0          1          1          1          1          1          0          0          0          1          0          0          0          1          1          1          1          1          0          0          0          0          1          0          1          0          1          1          0          0          0          1          1          1          0          0          0          1          1   RawFitness
                  535

41    64          1          0          1          0          0          1          0          0          0          0          0          0          0          1          1          0          0          1          1          1          0          1          0          1          0          0          1          1          1          1          1          0          1          1          0          1          0          0          0          0          0          0          1          0          0          1          0          0          0          1          0          1          0          1          0          0          0          0          0          0          1          0          1          1          1          0          1          1          1          1          1          0          0          0          1          1          0          0          1          1          0          1          0          1          0          0          0          1          1          1          1          1          0          1          0          1          0          0          0          1          1          1          1          1          0          0          0          0          1          0          0          0          1          1          0          1          1          0          1          1          0          0          0          1          0   RawFitness
                  536

42   132          0          0          1          0          0          1          0          0          0          1          1          0          0          1          1          0          0          1          1          1          0          1          1          1          0          0          1          1          1          1          1          0          1          1          0          1          0          0          0          0          0          0          1          0          0          1          1          0          0          1          0          1          0          1          0          0          1          0          0          0          1          1          1          1          1          0          1          1          1          1          0          1          0          0          1          1          1          0          1          1          0          1          0          1          0          0          0          1          1          1          1          1          0          0          0          1          0          0          0          1          1          1          1          1          0          0          0          0          1          0          0          0          1          1          0          0          0          0          1          1          0          1          0          1          0   RawFitness
                  534

43    77          0          0          1          1          1          1          0          0          0          1          1          0          0          1          0          0          1          0          1          1          0          0          0          1          0          0          1          1          1          0          1          0          1          1          1          1          0          0          0          1          1          0          1          1          1          1          0          1          1          0          1          0          0          1          0          0          1          0          0          1          0          1          1          1          1          1          0          1          1          0          1          0          0          0          1          1          1          1          1          1          0          1          0          1          0          0          0          1          1          0          0          1          0          1          0          1          0          1          0          1          1          1          0          1          0          1          0          1          0          0          1          0          1          1          0          0          0          1          1          1          0          1          0          0          1   RawFitness
                  535

44    88          0          0          1          1          0          1          0          0          0          0          1          0          0          0          1          0          1          0          1          1          0          0          0          1          0          0          1          1          1          1          1          0          1          1          1          1          0          0          0          1          1          0          1          1          0          1          0          1          1          1          1          0          0          0          0          0          1          0          0          0          1          0          1          0          1          1          0          1          0          1          1          0          0          0          1          1          1          1          1          1          0          1          1          1          0          0          0          1          1          1          0          1          0          1          0          1          0          0          0          1          1          1          1          1          0          0          0          0          0          0          1          0          1          1          0          0          0          0          1          1          0          1          0          1          0   RawFitness
                  536

45    69          1          0          1          0          0          1          0          0          0          1          1          0          0          1          1          0          1          0          1          1          0          1          0          1          0          0          1          1          1          1          1          0          1          1          0          1          0          0          0          0          0          0          1          0          0          1          0          0          0          1          0          1          0          1          0          0          0          0          0          0          1          0          1          1          1          0          1          1          1          1          0          0          0          0          1          1          1          0          1          1          0          1          0          1          0          0          0          1          1          1          1          1          0          1          0          1          0          0          0          1          1          1          1          1          0          0          0          0          1          0          0          0          1          1          0          1          1          0          1          1          0          0          0          1          0   RawFitness
                  536

46    88          1          1          1          0          0          1          0          0          0          1          1          0          1          1          0          0          1          0          1          1          0          1          0          0          0          1          1          1          1          1          1          0          1          0          0          1          1          0          0          1          0          0          1          0          0          1          1          0          0          0          1          0          1          1          0          0          1          0          0          0          1          0          1          1          1          1          0          1          1          1          1          0          0          0          1          1          1          0          1          1          0          1          0          1          0          0          0          1          1          0          0          1          0          0          1