Experiment ID                :  SAT3_GA
Problem Type                 :  SAT
Data Input File Name         :  uf75-01.cnf
Number of Runs               :  200
Generations per Run          :  500
Population Size              :  500
Selection Method             :  2
Fitness Scaling Type         :  4
Min or Max Fitness           :  min
Crossover Type               :  1
Crossover Rate               :  1.0
Mutation Type                :  1
Mutation Rate                :  0.01
Random Number Seed           :  75982
Number of Genes/Points       :  75
Size of Genes                :  1


1    187          1          1          1          1          0          0          0          0          0          1          0          0          0          0          1          0          1          0          0          0          0          0          0          1          0          1          1          0          1          1          1          0          0          1          1          1          0          1          1          1          0          1          1          0          0          0          1          0          1          0          0          0          0          0          0          1          1          0          1          1          1          1          1          1          0          0          0          1          0          1          0          1          1          1          0   RawFitness
                    3

2     33          1          1          1          1          1          0          0          1          0          0          0          0          0          1          1          0          1          0          0          0          0          0          0          1          0          1          1          0          1          1          1          1          0          1          0          1          0          1          0          1          0          0          1          0          0          0          1          0          1          0          0          0          0          0          0          1          1          0          0          0          1          1          1          1          0          0          0          1          0          1          0          1          1          1          0   RawFitness
                    6

3    215          1          1          1          1          1          1          0          1          1          0          0          0          0          0          1          0          1          1          0          0          0          0          0          1          0          1          1          0          1          1          1          1          0          0          0          1          0          1          0          0          0          0          1          0          0          1          1          0          0          0          0          0          0          0          0          1          1          0          1          0          1          1          0          1          0          0          0          1          0          1          0          1          1          1          0   RawFitness
                    3

4     40          1          1          1          1          0          0          0          1          0          1          0          0          0          0          1          0          1          0          0          0          0          0          0          1          0          1          1          0          1          1          1          0          0          1          1          1          0          1          0          0          0          1          1          0          0          1          1          0          1          0          0          0          0          0          0          1          1          0          1          1          1          1          0          1          0          0          0          1          1          1          0          1          1          1          0   RawFitness
                    3

5     60          1          1          1          1          1          0          0          1          1          0          0          0          0          0          1          0          1          1          1          0          0          0          0          1          0          1          1          0          1          0          1          0          0          0          0          1          0          1          0          0          0          0          1          0          0          1          1          0          0          0          1          0          0          0          0          1          1          0          0          0          1          1          0          1          0          0          0          1          0          1          0          1          1          0          0   RawFitness
                    0

6     66          1          1          1          1          1          0          0          1          1          0          0          0          0          0          1          0          1          1          1          0          0          0          0          1          0          1          1          0          1          1          1          1          0          0          0          1          0          1          0          0          0          0          1          0          0          1          1          0          0          0          1          0          0          0          0          1          1          0          1          0          1          1          0          1          0          0          0          1          0          1          0          1          1          1          0   RawFitness
                    0

7     49          1          1          1          1          0          0          0          0          0          1          0          0          0          0          1          0          1          0          0          0          0          0          0          0          0          1          1          0          1          1          1          0          0          1          0          1          0          1          1          1          0          1          1          0          0          0          1          0          1          0          0          0          0          0          0          1          1          0          0          0          1          1          0          1          0          0          0          1          0          1          0          1          1          1          0   RawFitness
                    3

8     43          1          1          1          1          0          0          0          0          0          1          0          0          0          0          1          0          1          0          0          0          0          0          0          1          0          1          0          0          1          1          1          0          0          1          0          1          0          1          1          1          0          1          1          0          0          0          1          0          1          0          0          0          0          0          0          1          1          0          1          0          1          1          0          1          0          0          0          1          0          1          0          1          1          1          0   RawFitness
                    3

9    316          1          1          1          1          0          1          0          0          0          1          0          0          0          0          1          0          1          0          0          0          0          0          0          1          0          1          1          0          1          1          1          0          0          1          1          1          0          1          1          1          0          1          1          0          0          0          1          0          1          0          0          0          0          0          0          1          1          0          1          0          1          1          1          1          0          0          0          1          0          1          0          1          1          1          0   RawFitness
                    3

10   120          1          1          1          1          0          1          0          0          0          1          0          0          0          0          1          0          1          0          0          0          0          0          0          1          0          1          1          0          1          1          1          0          0          1          0          1          0          1          1          1          0          1          1          0          0          0          1          0          1          0          0          0          0          0          0          1          1          0          1          1          1          1          0          1          0          0          0          1          0          1          0          1          1          1          0   RawFitness
                    3

11   135          1          1          1          1          0          1          0          1          1          0          0          0          0          0          1          0          1          1          0          0          0          0          0          1          0          1          1          0          1          1          1          0          0          0          0          1          0          1          0          0          0          0          1          0          0          1          1          0          0          0          0          0          0          0          0          1          1          0          1          0          1          1          0          1          0          0          0          1          0          1          0          1          1          0          0   RawFitness
                    3

12    45          0          1          1          1          0          1          0          0          0          1          0          0          0          0          1          0          1          0          0          0          0          0          0          0          0          1          1          0          1          1          1          0          0          1          1          1          0          1          1          1          0          1          1          0          0          0          1          0          1          0          0          0          0          0          0          1          1          0          1          1          1          1          1          1          0          0          0          1          0          1          0          1          1          1          0   RawFitness
                    3

13    38          0          1          1          1          0          0          0          1          0          0          0          0          0          0          1          0          1          0          0          0          0          0          0          0          0          1          1          0          1          1          1          1          0          1          0          1          0          1          0          1          0          0          1          0          0          0          1          0          1          0          0          0          0          0          0          1          1          0          1          1          1          1          0          1          0          0          0          1          0          1          0          1          1          1          0   RawFitness
                    6

14    37          0          1          1          1          0          0          0          1          0          0          0          0          0          0          1          0          1          0          0          0          0          0          0          0          0          1          1          0          1          1          1          1          0          1          0          1          0          1          0          1          0          0          1          0          0          0          1          0          0          0          0          0          0          0          0          0          1          0          1          1          1          1          1          1          0          0          0          1          0          1          0          1          1          1          0   RawFitness
                    6

15   171          1          1          1          1          1          1          0          1          1          1          0          0          0          0          1          0          1          0          0          0          0          0          0          1          0          1          1          0          1          0          1          0          0          1          0          1          0          1          0          0          0          1          1          0          0          1          1          0          0          0          0          0          0          0          0          1          1          0          1          0          1          1          0          1          1          0          0          1          1          1          0          1          1          0          0   RawFitness
                    0

16   107          1          1          1          1          0          1          0          0          0          1          0          0          0          0          1          0          1          0          0          0          0          0          0          0          0          1          1          0          1          1          1          0          0          1          0          1          0          1          1          1          0          1          1          0          0          0          1          0          1          0          0          0          0          0          0          1          1          0          1          0          1          1          0          1          0          0          0          1          0          1          0          1          1          1          0   RawFitness
                    3

17   103          1          1          1          1          0          1          0          1          1          0          1          0          0          1          1          0          1          1          0          0          0          0          0          1          0          1          0          0          1          1          1          1          0          0          0          1          0          1          0          1          0          0          1          0          0          0          1          0          1          0          0          0          0          0          0          1          1          0          1          1          1          1          0          1          0          0          0          1          0          1          0          1          1          1          0   RawFitness
                    6

18    67          1          1          1          1          0          1          0          0          1          1          0          0          0          0          1          0          1          0          0          0          0          0          0          1          0          1          1          0          1          1          1          0          0          1          0          1          0          1          1          1          0          1          1          0          0          0          1          0          1          0          0          0          0          0          0          1          1          0          1          1          1          1          1          1          0          0          0          1          0          1          0          1          1          1          0   RawFitness
                    3

19   409          1          1          1          1          1          1          0          0          0          1          0          0          0          1          1          0          1          0          0          0          0          0          0          0          0          1          1          0          1          0          1          0          0          1          1          1          0          1          1          0          0          1          1          0          0          1          1          0          0          0          0          0          0          0          0          1          1          0          0          0          1          1          0          1          1          0          0          1          1          1          0          1          1          0          0   RawFitness
                    0

20    36          1          1          1          1          0          0          0          1          0          1          0          0          0          1          1          0          1          0          0          0          0          0          0          1          0          1          1          0          1          1          1          0          0          1          0          1          0          1          0          1          0          1          1          0          0          0          1          0          1          0          0          0          0          0          0          1          1          0          0          1          1          1          1          1          1          0          0          1          1          1          0          1          1          1          0   RawFitness
                    6

21   389          1          1          1          1          0          1          0          0          0          1          0          0          0          1          1          0          1          0          0          0          0          0          0          1          0          1          1          0          1          1          1          0          0          1          1          1          0          1          1          1          0          1          1          0          0          0          1          0          1          0          0          0          0          0          0          1          1          0          0          1          1          1          1          1          0          0          0          1          0          1          0          1          1          1          0   RawFitness
                    3

22    41          1          1          1          1          1          1          0          0          0          1          0          0          0          0          1          0          1          0          0          0          0          0          0          0          0          1          1          0          1          0          1          0          0          1          1          1          0          1          1          0          0          1          1          0          0          1          1          0          0          0          0          0          0          0          0          1          1          0          1          0          1          1          0          1          1          0          0          1          1          1          0          1          1          0          0   RawFitness
                    0

23    41          1          1          1          1          1          1          0          0          0          1          0          0          0          0          1          0          1          0          0          0          0          0          0          1          0          1          1          0          1          1          1          0          0          1          1          1          0          1          1          1          0          1          1          0          0          0          1          0          1          0          0          0          0          0          0          1          1          0          1          1          1          1          1          1          0          0          0          1          0          1          0          1          1          1          0   RawFitness
                    3

24   328          1          1          1          1          1          1          0          1          0          1          0          0          0          0          1          0          1          0          0          0          0          0          0          0          0          1          1          0          1          0          1          0          0          1          0          1          0          1          0          0          0          1          1          0          0          1          1          0          0          0          0          0          0          0          0          0          1          0          1          1          1          1          0          1          1          0          0          1          1          1          0          1          1          0          0   RawFitness
                    0

25    35          0          1          1          1          1          0          0          1          0          0          0          0          0          0          1          0          1          0          0          0          0          0          0          1          0          1          1          0          1          1          1          1          0          1          0          1          0          1          0          1          0          0          1          0          0          0          1          0          1          0          0          0          0          0          0          0          1          0          1          1          1          1          1          1          0          0          0          1          0          1          0          1          1          1          0   RawFitness
                    6

26    94          1          1          1          1          1          0          0          0          1          0          0          0          0          0          1          0          1          1          1          0          0          0          0          0          0          1          1          0          1          0          1          0          0          0          0          1          0          1          0          0          0          0          1          0          0          1          1          0          0          0          1          0          0          0          0          1          1          0          1          0          1          1          0          1          0          0          0          1          0          1          0          1          1          0          0   RawFitness
                    0

27    66          1          1          1          1          1          1          0          1          0          1          0          0          0          0          1          0          1          0          0          0          0          0          0          1          0          1          1          0          1          0          1          0          0          1          0          1          0          1          0          0          0          1          1          0          0          1          1          0          0          0          0          0          0          0          0          1          1          0          1          1          1          1          0          1          1          0          0          1          1          1          0          1          1          0          0   RawFitness
                    0

28    69          1          1          1          1          1          0          0          1          1          0          0          0          0          0          1          0          1          1          1          0          0          0          0          1          0          1          1          0          1          1          1          0          0          0          0          1          0          1          0          0          0          0          1          0          0          1          1          0          0          0          1          0          0          0          0          1          1          0          0          0          1          1          0          1          0          0          0          1          0          1          0          1          1          0          0   RawFitness
                    0

29   283          1          1          1          1          0          0          0          1          1          0          0          0          0          0          1          0          1          1          0          0          0          0          0          1          0          1          1          0          1          0          1          0          0          0          0          1          0          1          0          0          0          0          1          0          0          1          1          0          0          0          1          0          0          0          0          1          1          0          1          0          1          1          0          1          0          0          0          1          0          1          0          1          1          0          0   RawFitness
                    3

30    38          1          1          1          1          0          1          0          0          0          1          0          0          0          1          1          0          1          0          0          0          0          0          0          0          0          1          1          0          1          1          1          0          0          1          1          1          0          1          1          0          0          1          1          0          0          1          1          0          1          0          0          0          0          0          0          0          1          0          0          1          1          1          0          1          0          0          0          1          0          1          0          1          1          1          0   RawFitness
                    3

31    92          1          1          1          1          1          0          0          1          1          0          0          0          0          0          1          0          1          1          1          0          0          0          0          0          0          1          1          0          1          0          1          1          0          0          0          1          0          1          0          0          0          0          1          0          0          1          1          0          0          0          1          0          0          0          0          1          1          0          1          0          1          1          0          1          0          0          0          1          0          1          0          1          1          0          0   RawFitness
                    0

32   364          1          1          1          1          0          1          0          1          1          0          0          0          0          0          1          0          1          1          0          0          0          0          0          1          0          1          1          0          1          1          1          1          0          0          1          1          0          1          0          0          0          0          1          0          0          1          1          0          0          0          0          0          0          0          0          1          1          0          1          0          1          1          0          1          0          0          0          1          0          1          0          1          1          1          0   RawFitness
                    3

33   194          0          1          1          1          1          1          0          1          1          1          0          0          0          0          1          0          1          0          0          0          0          0          0          1          0          1          1          0          1          0          1          0          0          1          0          1          0          1          0          0          0          1          1          0          0          1          1          0          0          0          0          0          0          0          0          1          1          0          1          0          1          1          0          1          1          0          0          1          1          1          0          1          1          0          0   RawFitness
                    0

34    37          1          1          1          1          0          0          0          1          0          0          0          0          0          1          1          0          1          0          0          0          0          0          0          0          0          1          1          0          1          1          1          1          0          1          0          1          0          1          0          1          1          0          1          0          0          0          1          0          0          0          0          0          0          0          0          1          1          0          0          1          1          1          1          1          0          0          0          1          0          1          0          1          1          1          0   RawFitness
                    6

35   128          1          1          1          1          0          1          0          0          0          1          0          0          0          0          1          0          1          0          0          0          0          0          0          1          0          1          1          0          1          1          1          0          0          1          0          1          0          1          1          1          0          1          1          0          0          0          1          0          1          0          0          0          0          0          0          1          1          0          1          1          1          1          0          1          0          0          0          1          0          1          0          1          1          1          0   RawFitness
                    3

36   171          1          1          1          1          0          1          0          0          1          1          0          0          0          0          1          0          1          0          0          0          0          0          0          1          0          1          1          0          1          1          1          0          0          1          0          1          0          1          1          1          0          1          1          0          0          0          1          0          1          0          0          0          0          0          0          0          1          0          1          0          1          1          1          1          0          0          0          1          0          1          0          1          1          1          0   RawFitness
                    3

37    38          1          1          1          1          0          1          0          1          1          1          0          0          0          0          1          0          1          0          0          0          0          0          0          0          0          1          1          0          1          1          1          0          0          1          0          1          0          1          1          1          0          1          1          0          0          0          1          0          1          0          0          0          0          0          0          1          1          0          1          0          1          1          1          1          0          0          0          1          0          1          0          1          1          1          0   RawFitness
                    6

38    53          0          1          1          1          0          0          0          1          0          0          0          0          0          0          1          0          1          0          0          0          0          0          0          0          0          1          1          0          1          1          1          1          0          1          0          1          0          1          0          1          0          0          1          0          0          0          1          0          0          0          0          0          0          0          0          1          1          0          1          1          1          1          0          1          0          0          0          1          0          1          0          1          1          1          0   RawFitness
                    6

39    33          0          1          1          1          0          0          0          1          0          0          0          0          0          0          1          0          1          0          0          0          0          0          0          1          0          1          1          0          1          1          1          1          0          1          0          1          0          1          0          1          0          0          1          0          0          0          1          0          1          0          0          0          0          0          0          1          1          0          1          1          1          1          1          1          0          0          0          1          0          1          0          1          1          1          0   RawFitness
                    6

40   209          1          1          1          1          0          0          0          0          1          1          0          0          0          0          1          0          1          0          0          0          0          0          0          1          0          1          1          0          1          1          1          0          0          1          0          1          0          1          1          1          0          1          1          0          0          0          1          0          1          0          0          0          0          0          0          1          1          0          1          1          1          1          1          1          0          0          0          1          0          1          0          1          1          1          0   RawFitness
                    3

41   201          1          1          1          1          1          1          0          0          0          1          0          0          0          0          1          0          1          0          0          0          0          0          0          0          0          1          1          0          1          0          1          0          0          1          0          1          0          1          1          0          0          1          1          0          0          1          1          0          0          0          0          0          0          0          0          1          1          0          0          1          1          1          0          1          1          0          0          1          1          0          0          1          1          0          0   RawFitness
                    0

42    87          1          1          1          1          0          1          0          1          1          0          0          0          0          1          1          0          1          0          0          0          0          0          0          0          0          1          0          0          1          1          1          1          0          1          0          1          0          1          0          1          1          0          1          0          0          0          1          0          1          0          0          0          0          0          0          1          1          0          0          1          1          1          1          1          0          1          0          1          0          1          0          1          1          1          0   RawFitness
                    6

43    34          0          1          1          1          0          1          0          1          0          0          0          0          0          0          1          0          1          0          0          0          0          0          0          1          0          1          1          0          1          1          1          1          0          1          0          1          0          1          0          1          0          0          1          0          0          0          1          0          1          0          0          0          0          0          0          0          1          0          1          0          1          1          0          1          0          0          0          1          0          1          0          1          1          1          0   RawFitness
                    6

44    29          1          1          1          1          0          0          0          0          0          0          0          0          0          0          1          0          1          0          0          0          0          0          0          0          0          1          1          0          1          1          1          0          0          1          1          1          0          1          1          0          0          0          1          0          0          1          1          0          1          0          0          0          0          0          0          1          1          0          1          1          1          1          0          1          0          0          0          1          0          1          0          1          1          0          0   RawFitness
                    6

45    74          1          1          1          1          0          0          0          1          1          0          0          0          0          0          1          0          1          1          1          0          0          0          0          0          0          1          1          0          1          1          1          1          0          0          0          1          0          1          0          0          0          0          1          0          0          1          1          0          0          0          1          0          0          0          0          0          1          0          0          0          1          1          0          1          0          0          0          1          0          1          0          1          1          1          0   RawFitness
                    0

46   157          1          1          1          1          1          0          0          1          1          0          0          0          0          0          1          0          1          1          1          0          0          0          0          1          0          1          1          0          1          0          1          0          0          0          0          1          0          1          0          0          0          0          1          0          0          1          1          0          0          0          1          0          0          0          0          0          1          0          0          0          1          1          0          1          0          0          0          1          0          1          0          1          1          0          0   RawFitness
                    0

47    60          1          1          1          1          0          0          0          1          1          0          0          0          0          0          1          0          1          1          1          0          0          0          0          1          0          1          1          0          1          1          1          1          0          0          0          1          0          1          0          0          0          0          1          0          0          1          1          0          0          0          1          0          0          0          0          1          1          0          1          0          1          1          0          1          0          0          0          1          0          1          0          1          1          1          0   RawFitness
                    0

48    43          1          1          1          1          0          0          0          0          0          1          0          0          0          0          1          0          1          0          0          0          0          0          0          1          0          1          1          0          1          1          1          0          0          1          0          1          0          1          1          1          0          1          1          0          0          0          1          0          1          0          0          0          0          0          0          1          1          0          1          0          1          1          0          1          0          0          0          1          0          1          0          1          1          1          0   RawFitness
                    3

49    34          0          1          1          1          1          0          0          1          0          0          0          0          0          0          1          0          1          0          0          0          0          0          0          0          0          1          1          0          1          1          1          1          0          1          0          1          0          1          0          0          0          0          1          0          0          1          1          0          0          0          0          0          0          0          0          1          1          0          1          1          1          1          0          1          0          0          0          1          0          1          0          1          1          1          0   RawFitness
                    6

50    91          1          1          1          1          1          1          0          0          1          1          0          0          0          0          1          0          1          0          0          0          0          0          0          0          0          1          1          0          1          0          1          0          0          1          0          1          0          1          1          0          0          1          1          0          0          1          1          0          0          0          0          0          0          0          0          1          1          0          1          0          1          1          0          1          1          0          0          1          1          1          0          1          1          0          0   RawFitness
                    0

51    70          1          1          1          1          1          0          0          1          1          0          0          0          0          0          1          0          1          1          1          0          0          0          0          1          0          1          1          0          1          1          1          1          0          0          0          1          0          1          0          0          0          0          1          0          0          1          1          0          0          0          1          0          0          0          0          1          1          0          1          0          1          1          0          1          0          0          0          1          0          1          0          1          1          0          0   RawFitness
                    0

52    55          0          1          1          1          0          1          0          0          0          1          0          0          0          0          1          0          1          0          0          0          0          0          0          0          0          1          0          0          1          1          1          0          0          1          0          1          0          1          1          1          0          1          1          0          0          0          1          0          1          0          0          0          0          0          0          1          1          0          1          0          1          1          1          1          0          0          0          1          0          1          0          1          1          1          0   RawFitness
                    3

53   314          1          1          1          1          1          1          0          1          0          1          0          0          0          0          1          0          1          0          0          0          0          0          0          0          0          1          1          0          1          0          1          0          0          1          0          1          0          1          0          0          0          1          1          0          0          1          1          0          0          0          0          0          0          0          0          1          1          0          1          0          1          1          0          1          1          0          0          1          1          0          0          1          1          0          0   RawFitness
                    0

54   224          1          1          1          1          1          0          0          1          1          0          0          0          0          0          1          0          1          1          1          0          0          0          0          1          0          1          1          0          1          1          1          0          0          0          0          1          0          1          0          0          0          0          1          0          0          1          1          0          0          0          1          0          0          0          0          0          1          0          0          0          1          1          0          1          0          0          0          1          0          1          0          1          1          0          0   RawFitness
                    0

55    33          0          1          1          1          0          0          0          0          0          1          0          0          0          0          1          1          1          0          0          0          0          0          0          0          0          1          1          0          1          1          1          0          0          1          1          1          0          1          1          1          0          1          1          0          0          0          1          0          1          0          0          0          0          0          0          1          1          0          1          0          1          1          1          1          0          0          0          1          0          1          0          1          1          1          0   RawFitness
                    3

56   368          1          1          1          1          1          0          0          1          1          0          0          0          0          1          1          0          1          1          1          0          0          0          0          1          0          1          1          0          1          1          1          1          0          0          0          1          0          1          0          0          0          0          1          0          0          1          1          0          0          0          1          0          0          0          0          1          1          0          0          0          1          1          0          1          0          0          0          1          0          1          0          1          1          1          0   RawFitness
                    0

57    48          1          1          1          1          0          0          0          1          1          0          0          0          0          0          1          0          1          1          0          0          0          0          0          1          0          1          1          0          1          1          1          0          0          0          0          1          0          1          0          0          0          0          1          0          0          1          1          0          0          0          0          0          0          0          0          1          1          0          1          0          1          1          0          1          0          0          0          1          0          1          0          1          1          0          0   RawFitness
                    3

58    36          1          1          1          1          1          1          0          0          0          1          0          0          0          0          1          0          1          0          0          0          0          0          0          1          0          1          1          0          1          1          1          0          0          1          0          1          0          1          1          1          0          1          1          0          0          0          1          0          1          0          0          0          0          0          0          0          1          0          1          0          1          1          0          1          0          0          0          1          0          1          0          1          1          1          0   RawFitness
                    3

59   129          1          1          1          1          1          1          0          0          0          1          0          0          0          1          1          0          1          0          0          0          0          0          0          0          0          1          1          0          1          0          1          0          0          1          1          1          0          1          1          0          0          1          1          0          0          1          1          0          1          0          0          0          0          0          0          1          1          0          0          1          1          1          0          1          1          0          0          1          1          1          0          1          1          0          0   RawFitness
                    0

60    39          1          1          1          1          0          0          0          1          1          0          0          0          0          0          1          0          1          0          0          0          0          0          0          1          0          1          0          0          1          0          1          1          0          1          0          1          0          1          0          1          0          0          1          0          0          0          1          0          1          0          0          0          0          0          0          1          1          0          1          1          1          1          1          1          1          0          0          1          0          1          0          1          1          1          0   RawFitness
                    6

61    47          0          1          1          1          1          1          0          1          0          0          0          0          0          0          1          0          1          0          0          0          0          0          0          1          0          1          1          0          1          1          1          1          0          1          0          1          0          1          0          1          0          0          1          0          0          0          1          0          0          0          0          0          0          0          0          1          1          0          1          0          1          1          1          1          0          0          0          1          0          1          0          1          1          1          0   RawFitness
                    6

62    66          1          1          1          1          0          0          0          1          1          0          0          0          0          0          1          0          1          1          1          0          0          0          0          0          0          1          1          0          1          1          1          1          0          0          0          1          0          1          0          0          0          0          1          0          0          1          1          0          0          0          1          0          0          0          0          1          1          0          1          0          1          1          0          1          0          0          0          1          0          1          0          1          1          1          0   RawFitness
                    0

63   177          1          1          1          1          1          0          0          1          1          0          1          0          0          1          1          0          1          1          1          0          0          0          0          1          0          1          1          0          1          1          1          1          0          0          0          1          0          1          0          0          0          0          1          0          0          1          1          0          0          0          1          0          0          0          0          1          1          0          1          0          1          1          0          1          1          0          0          1          0          1          0          1          1          1          0   RawFitness
                    3

64    61          1          1          1          1          1          1          0          1          1          1          0          0          0          0          1          0          1          0          0          0          0          0          0          0          0          1          1          0          1          0          1          0          0          1          0          1          0          1          0          0          0          1          1          0          0          1          1          0          0          0          0          0          0          0          0          1          1          0          1          0          1          1          0          1          1          0          0          1          1          1          0          1          1          0          0   RawFitness
                    0

65   104          0          1          1          1          1          0          0          1          1          0          1          0          0          1          1          0          1          1          0          0          0          1          0          1          1          1          1          1          1          1          1          1          0          1          0          0          0          1          1          1          1          0          0          0          0          0          1          0          1          0          0          0          0          0          0          1          1          0          1          1          1          1          1          1          0          1          1          0          0          1          0          1          1          1          0   RawFitness
                    9

66   247          1          1          1          1          1          1          0          1          1          1          0          0          0          1          1          0          1          0      