Experiment ID                :  SAT3_GA
Problem Type                 :  SAT
Data Input File Name         :  uf100-01.cnf
Number of Runs               :  50
Generations per Run          :  200
Population Size              :  500
Selection Method             :  2
Fitness Scaling Type         :  0
Min or Max Fitness           :  max
Crossover Type               :  1
Crossover Rate               :  0.9
Mutation Type                :  1
Mutation Rate                :  0.01
Random Number Seed           :  75982
Number of Genes/Points       :  100
Size of Genes                :  1


1     67          0          1          0          1          1          0          1          1          0          0          1          0          0          0          1          1          0          0          0          1          0          1          1          1          0          1          1          0          1          1          0          1          0          0          0          1          0          0          1          1          0          0          1          1          1          0          0          0          1          1          1          0          0          0          0          0          0          1          1          1          0          1          0          0          1          1          0          1          1          0          1          0          0          1          1          0          1          0          1          1          1          0          0          0          1          1          1          1          0          0          0          0          0          0          1          1          1          0          0          1   RawFitness
                  425

2     46          0          0          0          1          1          1          1          1          0          0          1          0          0          0          1          1          0          0          1          1          0          1          1          1          1          1          1          0          1          1          0          1          1          0          0          1          0          0          1          1          0          1          1          1          1          0          0          0          1          1          0          0          0          0          0          0          0          1          1          1          0          1          0          0          1          1          0          1          1          0          1          1          0          1          1          1          1          0          1          1          1          1          0          1          1          1          1          1          0          0          0          0          0          0          1          1          1          0          0          1   RawFitness
                  425

3    136          0          0          0          1          1          0          0          1          0          0          1          0          0          0          0          1          0          1          1          1          0          1          1          1          1          1          0          0          1          1          1          1          1          0          1          1          1          0          1          1          0          0          1          0          1          1          0          0          1          1          1          0          1          1          0          1          0          1          1          1          0          0          0          1          0          0          0          1          1          0          1          1          0          1          1          0          1          0          0          0          1          0          0          1          0          1          1          1          0          0          0          0          0          0          1          1          1          0          1          1   RawFitness
                  429

4     61          0          0          0          1          1          0          1          1          0          0          1          0          0          0          1          1          0          1          1          1          0          1          1          1          1          1          1          0          1          1          0          0          1          0          1          1          0          0          1          1          0          1          1          1          1          0          0          0          1          1          0          0          0          1          0          0          0          1          1          1          0          1          0          1          1          1          0          1          1          0          1          1          0          1          1          0          1          0          1          0          1          0          0          1          0          1          1          1          0          0          0          0          0          0          1          1          1          0          0          1   RawFitness
                  426

5     50          0          0          0          1          1          0          0          1          0          0          1          0          0          1          1          1          0          1          1          1          0          1          1          1          0          1          1          0          1          1          0          1          1          0          1          1          0          0          1          1          0          1          1          1          1          0          0          0          1          1          1          0          0          0          0          0          1          1          1          1          0          0          0          0          1          0          0          1          1          0          1          1          0          1          0          0          1          0          0          1          1          0          1          1          0          1          1          1          0          0          0          0          0          0          1          1          1          0          0          0   RawFitness
                  428

6     56          1          0          0          0          1          1          1          1          0          1          1          0          0          0          1          1          0          0          1          1          0          1          1          1          1          1          1          0          1          1          0          1          1          1          1          1          0          0          1          0          0          1          1          1          0          0          0          0          1          1          1          0          0          0          0          0          0          1          1          1          0          1          0          1          1          1          0          1          1          0          1          1          0          1          1          0          1          0          1          1          1          1          1          1          1          1          1          1          0          0          0          0          0          0          0          1          1          0          0          1   RawFitness
                  426

7     50          1          1          0          1          1          1          1          1          0          1          1          0          0          0          1          1          0          0          1          1          0          1          1          1          1          0          1          0          1          1          0          1          1          0          1          1          0          0          1          0          0          1          1          1          1          0          0          0          1          1          1          0          0          0          1          0          0          1          1          1          0          1          0          0          1          1          0          1          1          0          1          1          0          1          1          0          1          0          1          1          1          1          1          1          1          1          1          1          0          0          0          0          0          0          1          1          1          0          0          1   RawFitness
                  425

8     73          0          0          0          1          1          0          1          1          0          0          1          0          0          0          1          1          0          1          1          1          0          1          1          1          0          1          1          0          1          1          0          1          1          0          1          1          0          0          1          1          0          1          1          1          1          0          0          0          1          1          1          0          0          1          0          0          0          1          1          1          0          1          0          0          1          1          0          1          1          0          1          1          0          1          1          0          1          0          1          0          1          0          0          1          0          1          1          1          0          0          0          0          0          0          1          1          1          0          0          1   RawFitness
                  426

9     59          0          1          0          1          1          1          1          1          0          0          1          0          0          0          1          1          0          0          1          1          1          1          1          1          1          1          1          0          1          1          0          1          1          0          0          1          0          1          1          1          0          1          1          1          1          0          0          0          1          1          0          0          1          1          0          0          0          1          1          1          0          1          0          0          1          1          0          1          1          0          1          0          0          1          1          1          1          0          1          1          1          0          0          1          1          0          1          1          0          0          0          0          0          0          1          1          1          0          0          1   RawFitness
                  425

10    65          0          0          0          1          1          0          1          1          0          0          1          0          0          0          1          0          0          1          1          1          0          1          1          1          1          1          1          0          1          1          0          1          1          0          1          1          0          0          1          1          0          1          1          1          0          0          0          0          1          1          1          0          0          0          0          0          0          1          1          1          0          1          0          1          1          1          0          1          1          0          1          1          0          1          1          0          1          0          1          1          1          0          0          1          0          1          1          1          0          0          0          0          0          0          1          1          1          0          0          1   RawFitness
                  426

11    94          0          1          0          1          1          0          1          1          1          1          1          0          0          1          1          1          0          1          1          1          0          1          1          0          1          0          0          0          1          0          0          0          1          0          0          1          0          0          1          1          1          0          1          1          1          1          0          0          1          1          1          0          0          0          1          1          0          1          1          1          0          1          0          0          1          1          1          1          1          0          1          0          0          1          1          0          1          0          1          1          0          0          1          0          1          1          0          1          0          0          0          0          0          0          1          1          1          0          0          1   RawFitness
                  428

12    71          0          0          0          1          1          1          1          1          1          1          1          0          0          0          1          1          0          0          1          1          1          1          1          1          1          1          1          0          1          1          1          1          0          0          1          1          1          0          1          0          1          1          1          1          0          0          0          0          1          1          0          0          0          0          1          0          0          1          1          1          0          1          0          0          0          1          0          1          1          0          1          1          0          0          1          1          1          0          1          1          1          1          1          1          1          1          1          1          0          0          0          0          0          0          0          1          1          0          0          1   RawFitness
                  426

13   142          0          0          0          1          1          0          1          1          0          0          1          0          0          0          1          1          0          1          0          1          0          1          1          1          1          1          1          0          1          1          0          1          1          0          1          1          0          0          1          1          0          0          1          1          0          0          0          0          1          1          1          0          0          0          0          0          0          1          1          1          0          1          0          0          1          1          0          1          1          0          1          1          0          1          1          0          1          0          1          0          1          0          0          0          0          1          1          1          0          0          0          0          0          0          1          1          1          0          0          1   RawFitness
                  426

14   180          0          1          0          1          1          0          1          1          1          1          1          0          0          1          1          1          0          1          0          1          0          1          1          1          0          0          0          0          1          0          0          0          1          0          0          1          0          0          1          1          0          0          1          1          1          1          0          0          1          1          1          0          0          0          0          1          0          1          1          1          0          1          0          0          1          1          0          1          1          0          1          1          0          1          1          0          1          0          1          1          0          0          1          1          1          1          0          1          0          0          0          0          0          0          1          1          1          0          0          1   RawFitness
                  427

15    55          0          0          0          1          1          1          1          1          1          0          1          0          0          0          1          1          0          0          1          1          0          1          1          1          1          1          1          0          1          1          0          1          0          0          0          1          0          0          1          1          0          1          1          1          1          0          0          0          1          1          1          0          0          0          0          0          0          1          1          1          0          1          0          0          1          1          0          1          1          0          1          1          0          1          1          0          1          0          1          0          1          0          0          1          1          1          1          1          0          0          0          0          0          0          1          1          1          0          0          1   RawFitness
                  425

16   143          0          0          0          1          1          0          1          1          1          0          1          0          0          1          1          0          0          1          0          1          0          1          1          1          0          1          1          0          1          1          0          0          1          0          0          1          0          0          1          1          0          1          1          1          1          0          0          0          1          1          1          1          0          0          0          0          1          1          1          1          0          1          0          0          1          1          0          1          1          0          1          0          0          1          0          0          1          0          1          1          1          0          1          1          0          0          1          1          0          0          0          0          0          0          1          1          1          0          0          0   RawFitness
                  426

17   143          0          0          0          1          1          0          1          1          1          1          1          0          0          1          1          1          0          0          0          1          0          0          0          1          1          0          0          0          1          0          0          0          1          0          0          1          0          1          1          1          0          0          1          1          1          1          0          0          1          1          1          1          1          0          1          1          0          1          1          1          0          1          0          0          1          1          0          1          1          0          1          1          0          1          1          0          1          0          1          1          0          0          1          0          1          0          1          0          0          0          0          0          0          0          1          1          1          0          0          1   RawFitness
                  429

18    74          0          0          0          1          1          0          0          1          0          0          1          0          0          1          1          1          0          1          0          1          0          1          1          1          1          1          0          0          1          0          1          0          1          0          1          1          0          0          1          1          1          1          1          0          1          1          0          0          1          1          1          0          0          0          0          1          1          1          1          1          0          0          0          1          1          0          0          1          1          0          1          0          0          1          1          0          1          0          0          1          1          0          1          1          0          1          1          1          0          0          0          0          0          0          1          1          1          0          0          1   RawFitness
                  429

19    91          0          1          0          1          1          1          1          1          0          0          1          0          0          0          1          1          0          0          1          1          0          1          1          1          1          1          1          0          1          1          0          1          0          1          0          1          0          0          1          1          1          1          1          1          1          0          1          0          1          1          0          0          0          1          0          0          0          1          1          1          0          1          0          0          1          1          0          1          1          0          1          1          0          1          0          1          1          0          1          1          0          1          1          0          1          0          1          1          0          0          0          0          0          0          1          1          1          0          0          1   RawFitness
                  425

20    74          0          0          0          0          1          1          1          1          1          1          1          0          0          1          1          1          0          0          0          1          0          1          1          1          1          0          0          0          1          0          0          1          1          0          1          1          0          0          1          1          0          0          1          1          1          1          0          1          1          1          1          0          0          0          0          1          0          0          1          1          0          1          0          1          1          1          0          1          1          0          1          0          0          1          1          0          1          0          1          0          0          1          1          0          1          1          1          1          0          0          0          0          0          0          1          1          1          0          0          1   RawFitness
                  428

21    93          1          1          0          1          1          0          1          1          0          0          1          0          0          0          1          1          0          0          1          1          0          1          1          1          1          0          1          0          1          1          0          1          1          0          1          1          0          0          1          0          0          1          1          1          0          0          0          0          1          1          1          0          0          0          0          0          0          1          1          1          0          1          0          1          1          1          0          1          1          0          1          0          0          1          1          0          1          0          1          1          1          0          0          0          1          1          1          1          0          0          0          0          0          0          0          1          1          0          0          1   RawFitness
                  426

22   111          0          0          0          1          1          1          1          1          0          1          1          0          0          0          1          1          0          0          1          1          1          1          1          1          1          1          1          0          1          1          0          1          1          0          1          1          0          1          1          0          1          1          1          1          1          0          0          0          1          1          0          0          1          0          1          0          1          1          1          1          0          1          0          0          1          1          1          1          1          0          1          0          0          1          0          1          1          0          1          1          1          1          1          0          1          0          1          1          0          0          0          0          0          0          1          1          1          0          0          1   RawFitness
                  426

23    84          0          0          0          1          1          1          1          1          0          0          1          0          0          0          1          1          0          0          1          1          0          1          1          1          1          0          0          0          1          1          0          1          0          0          0          1          0          0          1          1          0          1          1          1          1          0          1          1          1          1          0          1          0          0          0          0          0          1          1          1          0          1          0          1          1          1          0          1          1          0          1          0          0          1          0          1          1          0          1          0          1          0          0          1          1          1          1          1          0          0          0          0          0          0          1          1          1          0          0          1   RawFitness
                  425

24    88          0          1          0          1          1          0          1          1          1          1          1          0          0          1          1          1          0          0          0          1          0          1          1          1          1          0          0          0          1          0          0          1          1          0          1          1          0          0          1          1          0          0          1          1          1          1          0          0          1          1          1          0          0          0          0          1          0          1          1          1          0          1          0          0          1          1          0          1          1          0          1          0          0          1          1          0          1          0          1          1          0          0          1          1          1          1          0          1          0          0          0          0          0          0          1          1          1          0          0          1   RawFitness
                  427

25    90          0          0          0          1          1          0          0          1          0          0          1          0          0          0          1          1          0          1          0          1          0          1          1          1          0          1          0          0          1          1          1          1          1          0          1          1          1          0          1          1          0          1          1          0          1          1          0          0          1          1          1          0          0          1          0          1          0          1          1          1          0          0          0          1          0          0          0          1          1          0          1          1          0          1          1          0          1          0          0          0          1          0          0          1          0          1          1          1          0          0          0          0          0          0          1          1          1          0          1          1   RawFitness
                  428

26    50          0          0          0          1          1          1          1          1          0          0          1          0          0          0          1          0          0          0          1          1          0          1          1          1          1          1          1          0          1          1          0          1          0          1          0          1          0          0          1          1          1          1          1          1          1          0          0          0          1          1          0          0          0          0          0          0          0          1          1          1          0          1          0          0          1          1          1          1          1          0          1          1          0          1          1          1          1          0          1          1          1          1          1          1          1          1          1          1          0          0          0          0          0          0          1          1          1          0          0          1   RawFitness
                  425

27   156          0          1          0          1          1          0          1          1          1          1          1          0          0          1          1          1          0          1          0          1          0          1          1          0          0          1          0          0          1          0          0          0          1          0          0          1          0          0          1          1          1          0          1          1          1          1          0          0          1          1          1          0          0          0          1          1          0          1          1          1          0          1          0          0          1          1          1          1          1          0          1          1          0          1          1          0          1          0          1          0          0          0          1          0          1          1          0          1          0          0          0          0          0          0          1          1          1          0          0          1   RawFitness
                  428

28    50          0          1          0          1          1          0          1          1          1          0          1          0          0          1          1          1          0          1          0          1          0          1          1          1          1          1          1          0          1          1          0          1          1          0          1          1          0          0          1          1          0          1          1          1          1          0          0          0          1          1          1          0          0          1          0          0          1          1          1          1          0          1          0          0          1          1          0          1          1          0          1          1          0          1          1          0          1          0          1          1          1          0          1          1          1          1          0          1          0          0          0          0          0          0          1          1          1          0          0          0   RawFitness
                  426

29   116          0          0          0          1          1          0          0          1          0          0          1          0          0          0          1          1          0          1          0          1          0          1          1          1          1          1          1          0          1          1          0          1          1          0          1          1          1          0          1          0          0          1          1          0          1          0          0          0          1          1          1          0          0          1          0          0          0          1          1          1          0          0          0          1          0          0          0          1          1          0          1          1          0          1          1          0          1          0          0          1          1          0          0          1          0          1          1          1          0          0          0          0          0          0          0          1          1          0          1          1   RawFitness
                  428

30    77          1          0          0          0          1          1          1          1          0          1          1          0          0          0          1          0          0          0          1          1          0          1          1          1          1          1          1          0          1          1          0          1          1          1          1          1          0          0          1          0          0          1          1          1          0          0          0          0          1          1          1          0          0          0          0          0          0          1          1          1          0          1          0          1          1          1          0          1          1          0          1          1          0          1          1          0          1          0          1          1          1          1          1          1          1          1          1          1          0          0          0          0          0          0          1          1          1          0          0          1   RawFitness
                  426

31   154          1          0          0          0          1          1          1          1          1          1          1          0          0          0          0          1          0          0          1          1          0          1          1          1          0          0          0          0          1          1          0          1          0          1          1          1          1          0          1          1          0          0          1          1          1          1          0          0          1          1          1          0          0          0          0          1          0          1          1          1          0          1          0          1          0          1          1          1          1          0          1          1          0          1          1          0          1          0          1          0          1          1          1          1          1          1          1          1          0          0          0          0          0          0          1          1          1          0          0          1   RawFitness
                  426

32    95          1          0          0          0          1          1          1          1          1          0          1          0          0          0          1          0          0          0          1          1          0          1          1          1          1          0          1          0          1          1          0          1          0          0          0          1          0          0          1          1          0          0          1          1          1          0          0          0          1          1          1          0          0          0          0          0          0          1          1          1          0          1          0          1          1          1          0          1          1          0          1          1          0          1          1          0          1          0          1          0          1          1          1          1          1          1          1          1          0          0          0          0          0          0          1          1          1          0          0          1   RawFitness
                  426

33   174          0          0          0          1          1          0          1          1          0          0          1          0          0          0          1          0          0          1          1          1          0          1          1          1          0          1          1          0          1          1          0          1          1          0          1          1          0          0          1          1          0          1          1          1          1          0          0          0          1          1          1          0          0          1          0          0          0          1          1          1          0          1          0          0          1          1          0          1          1          0          1          1          0          1          1          0          1          0          1          0          1          0          0          1          0          1          1          1          0          0          0          0          0          0          1          1          1          0          0          1   RawFitness
                  426

34    44          0          0          0          1          1          1          1          1          1          0          1          0          0          0          1          1          0          0          1          1          1          0          0          1          1          1          1          0          1          1          0          1          0          1          1          1          1          0          0          0          1          0          1          1          1          0          0          0          1          1          0          0          0          1          0          0          0          1          1          1          0          1          0          0          1          1          0          1          1          0          1          0          0          1          1          1          1          0          1          0          1          1          1          1          1          0          1          1          0          0          0          0          0          0          1          1          1          0          0          1   RawFitness
                  425

35    54          1          1          0          1          1          0          1          1          0          0          1          0          0          0          1          1          0          0          0          1          0          1          1          1          1          0          1          0          1          1          0          1          1          0          1          1          0          0          1          0          0          1          1          1          0          0          0          0          1          1          1          0          0          0          0          0          0          1          1          1          0          1          0          1          1          1          0          1          1          0          1          1          0          1          1          0          1          0          1          0          1          0          0          1          1          1          0          1          0          0          0          0          0          0          0          1          1          0          0          1   RawFitness
                  426

36    65          0          1          0          1          1          0          1          1          0          0          1          0          0          1          1          1          0          1          0          1          0          1          1          1          0          0          1          0          1          1          0          1          1          0          0          1          0          0          1          1          0          1          1          1          1          0          0          0          1          1          1          0          0          1          0          0          0          1          1          1          0          1          0          0          1          1          0          1          1          0          1          0          0          1          1          0          1          0          1          1          0          0          0          0          1          1          0          1          0          0          0          0          0          0          1          1          1          0          0          0   RawFitness
                  426

37   121          1          0          0          0          1          1          1          0          0          1          1          0          0          0          1          1          0          0          1          1          0          0          1          1          1          0          1          0          1          1          0          1          1          1          1          1          0          0          1          0          0          0          1          1          0          0          0          0          1          1          1          0          0          0          0          0          0          1          1          1          0          1          0          1          1          1          0          1          1          0          1          0          0          1          1          0          1          0          1          0          1          1          1          1          1          0          1          1          0          0          0          0          0          0          1          1          1          0          0          1   RawFitness
                  425

38    57          0          0          0          1          1          0          1          1          0          0          1          0          0          0          1          1          0          1          0          1          0          1          1          1          0          0          1          0          1          1          0          1          1          0          1          1          0          0          1          1          0          0          1          1          1          0          0          0          1          1          1          0          0          1          0          0          0          1          1          1          0          1          0          0          1          1          0          1          1          0          1          0          0          1          1          0          1          0          1          1          1          0          0          0          0          1          1          1          0          0          0          0          0          0          1          1          1          0          0          1   RawFitness
                  426

39   103          0          0          0          1          1          0          1          1          1          1          1          0          0          1          1          1          0          0          0          1          0          0          0          1          1          0          0          0          1          0          0          1          0          0          0          1          0          1          1          1          0          0          1          1          1          1          0          0          1          1          1          1          1          0          0          1          0          1          1          1          0          1          0          0          1          1          0          1          1          0          1          0          0          1          1          0          1          0          1          1          0          0          1          1          0          0          1          0          0          0          0          0          0          0          1          1          1          0          0          1   RawFitness
                  429

40    85          0          1          0          1          1          0          1          1          1          0          1          0          0          1          1          1          0          1          0          1          0          1          1          1          1          1          1          0          1          1          0          0          1          0          0          1          0          0          1          1          0          1          1          1          0          0          0          0          1          1          1          0          0          1          1          0          0          1          1          1          0          1          0          0          1          1          0          1          1          0          1          1          0          1          1          0          1          0          1          1          0          0          1          1          1          1          0          1          0          0          0          0          0          0          1          1          1          0          0          0   RawFitness
                  426

41    61          1          0          0          0          1          1          1          1          0          1          1          0          0          0          1          1          0          0          1          1          0          1          1          1          1          0          1          0          1          1          0          1          1          0          1          1          0          0          1          0          0          1          1          1          1          0          0          0          1          1          1          0          0          0          0          0          0          1          1          1          0          1          0          1          1          1          0          1          1          0          1          1          0          1          1          0          1          0          1          0          1          1          1          0          1          1          1          1          0          0          0          0          0          0          1          1          1          0          0          1   RawFitness
                  426

42   110          0          1          0          1          1          0          1          1          1          1          1          0          0          1          1          0          0          1          0          1          0          1          1          0          0          1          0          0          1          0          0          1          1          0          1          1          0          0          1          1          0          0          1          1          1          1          0          0          1          1          1          0          0          0          1          1          1          1          1          1          0          1          0          0          1          1          1          1          1          0          1          1          0          1          1          0          1          0          1          0          1          0          1          1          1          1          0          1          0          0          0          0          0          0          1          1          1          0          0          1   RawFitness
                  428

43    85          0          1          0          1          1          0          1          1          1          1          1          0          0          1          1          1          0          1          0          1          0          1          0          0          1          0          0          0          1          0          0          0          1          0          1          1          0          0          1          1          0          0          1          1          1          1          0          0          1          1          1          1          1          0          1          1          0          1          1          1          0          1          0          0          1          1          1          1          1          0          1          0          0          1          1          0          1          0          1          0          0          0          1          1          1          1          0          1          0          0          0          0          0          0          1          1          1          0          0          1   RawFitness
                  428

44   113          0          0          0          1          1          1          1          1          1          1          1          0          0          0          1          0          0          0          1          1          1          0          0          1          1          1          1          0          1          1          1          1          0          0          1          1          1          0          1          0          1          1          1          1          1          0          0          0          1          1          0          0          0          1          0          0          0          1          1          1          0          1          0          0          0          1          1          1          1          0          1          0          0          1          1          1          1          0          1          0          1          1          1          1          1          1          0          1          0          0          0          0          0          0          0          1          1          0          0          1   RawFitness
                  426

45   122          1          1          0          1          1          0          0          1          1          0          1          0          0          0          0          1          0          0          0          1          0          1          1          1          1          1          1          0          1          1          0          1          0          0          1          1          1          0          1          0          0          1          1          0          0          0          0          0          1          1          1          0          0          1          0          0          0          1          1          1          0          1          0          1          0          1          0          1          1          0          1          1          0          1          1          0          1          0          1          1          1          0          0          1          1          1          0          1          0          0          0          0          0          0          0          1          1          0          1          1   RawFitness
                  427

46    55          0          0          0          1          1          0          0          1          0          0          1          0          0          1          1          1          0          1          0          0          0          1          1          1          1          1          1          0          1          1          0          1          1          0          1          1          0          0          1          1          0          1          1          0          1          0          0          0          1          1          1          0          0          1          1          0          1          1          1          1          0          0          0          1          1          0          0          1          1          0          1          0          0          1          0          0          1          0          0          1          1          0          0          1          0          0          1          1          0          0          0          0          0          0          1          1          1          0          0          0   RawFitness
                  428

47   170          0          0          0          1          1          0          0          1          0          0          1          0          0          1          1          1          0          1          0          1          0          1          1          1          1          1          1          0          0          1          0          1          1          0          0          1          0          0          1          1          0          1          1          1          1          0          0          0          1          1          1          1          0          1          1          0          1          1          1          1          0          0          0          0          1          0          0          1          1          0          1          0          0          1          0          0          1          0          0          1          1          0          1          1          0          0          1          1          0          0          0          0          0          0          1          1          1          0          0          0   RawFitness
                  428

48   126          0          1          0          1          1          0          1          1          0          0          1          0          0          1          1          1          0          1          1          1          0          1          1          1          1          0          1          0          1          1          0          0          1          0          1          1          0          0          1          1          0          1          1          1          1          0          0          0          1          1          1          0          0          0          0          0          0          1          1          1          0          1          0          0          1          1          0          1          1          0          1          1          0          1          1          0          1          0          1          1          0          0          1          0          1          1          0          1          0          0          0          0          0          0          1          1          1          0          0          0   RawFitness
                  426

49   136          0          0          0          1          1          0          1          1          0          0          1          0          0          0          1          1          0          1          1          1          0          1          1          1          1          0          1          0          1          1          0          1          1          0          1          1          0          0          1          1          0          1          1          1          1          0          0          0          1          1          1          0          0          0          0          0          0          1          1          1          0          1          0          0          1          1          0          1          1          0          1          1          0          1          1          0          1          0          1          1          1          0          0          0          0          1          1          1          0          0          0          0          0          0          1          1          1          0          0          1   RawFitness
                  426

50    52          0          0          0          1          1          0          0          1          0          0          1          0          0          1          1          1          0          1          1          1          0          1          1          1          1          1          1          0          1          1          0          1          1          0          0          1          0          0          1          1          1          1          1          1          1          0          0          0          1          1          1          1          0          1          1          0          1          1          1          1          0          0          0          1          1          0          0          1          1          0          1          1          0          1          0          0          1          0          0          1          1          0          1          1          0          0          1          1          0          0          0          0          0          0          1          1          1          0          0          0   RawFitness
                  428

B       R: 3    G: 136  
                 0          0          0          1          1          0          0          1          0          0          1          0          0          0          0          1          0          1          1          1          0          1          1          1          1          1          0          0          1          1          1          1          1          0          1          1          1          0          1          1          0          0          1          0          1          1          0          0          1          1          1          0          1          1          0          1          0          1          1          1          0          0          0          1          0          0          0          1          1          0          1          1          0          1          1          0          1          0          0          0          1          0          0          1          0          1          1          1          0          0          0          0          0          0          1          1          1          0          1          1   RawFitness
                  429


